0.0181419849396,(0.0, 0.0, 0.0, 0.0, 0.0, 0.0, 0.0)
0.0559611320496,(0.0, 0.0, 0.0, 0.0, 0.0, 0.0, 0.0)
0.0973620414734,(0.0, 0.0, 0.0, 0.0, 0.0, 0.0, 0.0)
0.140038013458,(0.0, 0.0, 0.0, 0.0, 0.0, 0.0, 0.0)
0.176028966904,(0.0, 0.0, 0.0, 0.0, 0.0, 0.0, 0.0)
0.216974973679,(0.0, 0.0, 0.0, 0.0, 0.0, 0.0, 0.0)
0.256266117096,(0.0, 0.0, 0.0, 0.0, 0.0, 0.0, 0.0)
0.29714012146,(0.0, 0.0, 0.0, 0.0, 0.0, 0.0, 0.0)
0.335911035538,(0.0, 0.0, 0.0, 0.0, 0.0, 0.0, 0.0)
0.379683017731,(0.0, 0.0, 0.0, 0.0, 0.0, 0.0, 0.0)
0.417094945908,(0.0, 0.0, 0.0, 0.0, 0.0, 0.0, 0.0)
0.45546412468,(0.0, 0.0, 0.0, 0.0, 0.0, 0.0, 0.0)
0.497015953064,(0.0, 0.0, 0.0, 0.0, 0.0, 0.0, 0.0)
0.53622508049,(0.0, 0.0, 0.0, 0.0, 0.0, 0.0, 0.0)
0.577246904373,(0.0, 0.0, 0.0, 0.0, 0.0, 0.0, 0.0)
0.618045091629,(0.0, 0.0, 0.0, 0.0, 0.0, 0.0, 0.0)
0.65783405304,(0.0, 0.0, 0.0, 0.0, 0.0, 0.0, 0.0)
0.696186065674,(0.0, 0.0, 0.0, 0.0, 0.0, 0.0, 0.0)
0.73548913002,(0.0, 0.0, 0.0, 0.0, 0.0, 0.0, 0.0)
0.779289007187,(0.0, 0.0, 0.0, 0.0, 0.0, 0.0, 0.0)
0.817033052444,(0.0, 0.019999999552965164, 0.0, 0.0, 0.0, 0.0, 0.0)
0.86011505127,(0.0, 0.029999999329447746, 0.0, 0.0, 0.0, 0.0, 0.0)
0.895975112915,(0.0, 0.019999999552965164, 0.0, 0.0, 0.0, 0.0, 0.0)
0.937314987183,(0.0, 0.019999999552965164, 0.0, 0.0, 0.0, 0.0, 0.0)
0.976180076599,(0.0, 0.0, 0.0, 0.0, 0.0, 0.0, 0.0)
1.01769709587,(0.0, 0.0, 0.0, 0.0, 0.0, 0.0, 0.0)
1.05536007881,(0.0, 0.0, 0.0, 0.0, 0.0, 0.0, 0.0)
1.10416698456,(0.0, 0.0, 0.0, 0.0, 0.0, 0.0, 0.0)
1.1364440918,(0.0, 0.019999999552965164, 0.0, 0.0, 0.0, 0.0, 0.0)
1.17608499527,(0.0, 0.019999999552965164, 0.0, 0.0, 0.0, 0.0, 0.0)
1.2158870697,(0.0, 0.019999999552965164, 0.0, 0.0, 0.0, 0.0, 0.0)
1.26187205315,(0.0, 0.019999999552965164, 0.0, 0.0, 0.0, 0.0, 0.0)
1.29857993126,(0.0, 0.019999999552965164, 0.0, 0.0, 0.0, 0.0, 0.0)
1.33903694153,(0.0, 0.0, 0.0, 0.0, 0.0, 0.0, 0.0)
1.37962889671,(0.0, 0.009999999776482582, 0.0, 0.0, 0.0, 0.0, 0.0)
1.41923904419,(0.0, 0.009999999776482582, 0.0, 0.0, 0.0, 0.0, 0.0)
1.46295309067,(0.0, 0.0, 0.0, 0.0, 0.0, 0.0, 0.0)
1.4979391098,(-0.9900000095367432, 0.15000000596046448, 0.0, 0.0, 0.0, 0.0, 0.0)
1.53695893288,(-0.9900000095367432, 0.15000000596046448, 0.0, 0.0, 0.0, 0.0, 0.0)
1.57710790634,(-0.9900000095367432, 0.1599999964237213, 0.0, 0.0, 0.0, 0.0, 0.0)
1.61548089981,(-0.9900000095367432, 0.1599999964237213, 0.0, 0.0, 0.0, 0.0, 0.0)
1.65627503395,(-0.9900000095367432, 0.1599999964237213, 0.0, 0.0, 0.0, 0.0, 0.0)
1.69932508469,(-0.6600000262260437, 0.15000000596046448, 0.0, 0.0, 0.0, 0.0, 0.0)
1.73666405678,(0.0, 0.019999999552965164, 0.0, 0.0, 0.0, 0.0, 0.0)
1.7756459713,(0.0, 0.019999999552965164, 0.0, 0.0, 0.0, 0.0, 0.0)
1.81705307961,(0.0, 0.019999999552965164, 0.0, 0.0, 0.0, 0.0, 0.0)
1.86017489433,(0.0, 0.019999999552965164, 0.0, 0.0, 0.0, 0.0, 0.0)
1.89666295052,(0.0, 0.019999999552965164, 0.0, 0.0, 0.0, 0.0, 0.0)
1.93618893623,(0.0, 0.009999999776482582, 0.0, 0.0, 0.0, 0.0, 0.0)
1.97763609886,(0.0, 0.0, 0.0, 0.0, 0.0, 0.0, 0.0)
2.01679301262,(0.0, 0.0, 0.0, 0.0, 0.0, 0.0, 0.0)
2.055382967,(0.0, 0.0, 0.0, 0.0, 0.0, 0.0, 0.0)
2.0981221199,(0.0, 0.0, 0.0, 0.0, 0.0, 0.0, 0.0)
2.13715004921,(0.0, 0.0, 0.0, 0.0, 0.0, 0.0, 0.0)
2.17668390274,(0.0, 0.0, 0.0, 0.0, 0.0, 0.0, 0.0)
2.21695113182,(0.0, 0.0, 0.0, 0.0, 0.0, 0.0, 0.0)
2.25696611404,(0.0, 0.0, 0.0, 0.0, 0.0, 0.0, 0.0)
2.29586791992,(0.0, 0.0, 0.0, 0.0, 0.0, 0.0, 0.0)
2.33639097214,(0.0, 0.0, 0.0, 0.0, 0.0, 0.0, 0.0)
2.37582993507,(0.0, 0.0, 0.0, 0.0, 0.0, 0.0, 0.0)
2.41604709625,(0.0, 0.0, 0.0, 0.0, 0.0, 0.0, 0.0)
2.45883512497,(0.0, 0.0, 0.0, 0.0, 0.0, 0.0, 0.0)
2.49662303925,(0.0, 0.0, 0.0, 0.0, 0.0, 0.0, 0.0)
2.53582906723,(0.0, 0.0, 0.0, 0.0, 0.0, 0.0, 0.0)
2.57545399666,(0.0, 0.0, 0.0, 0.0, 0.0, 0.0, 0.0)
2.61641192436,(0.0, 0.0, 0.0, 0.0, 0.0, 0.0, 0.0)
2.65672397614,(0.0, 0.0, 0.0, 0.0, 0.0, 0.0, 0.0)
2.69668197632,(0.0, 0.0, 0.0, 0.0, 0.0, 0.0, 0.0)
2.7375369072,(0.0, 0.0, 0.0, 0.0, 0.0, 0.0, 0.0)
2.77697396278,(0.0, 0.0, 0.0, 0.0, 0.0, 0.0, 0.0)
2.81648898125,(0.0, 0.0, 0.0, 0.0, 0.0, 0.0, 0.0)
2.85590696335,(0.0, 0.0, 0.0, 0.0, 0.0, 0.0, 0.0)
2.90042090416,(0.0, 0.0, 0.0, 0.0, 0.0, 0.0, 0.0)
2.93852591515,(0.0, 0.0, 0.0, 0.0, 0.0, 0.0, 0.0)
2.98218393326,(0.0, 0.0, 0.0, 0.0, 0.0, 0.0, 0.0)
3.02028393745,(0.0, 0.0, 0.0, 0.0, 0.0, 0.0, 0.0)
3.05823993683,(0.0, 0.0, 0.0, 0.0, 0.0, 0.0, 0.0)
3.09786701202,(0.0, 0.0, 0.0, 0.0, 0.0, 0.0, 0.0)
3.13509297371,(0.0, 0.0, 0.0, 0.0, 0.0, 0.0, 0.0)
3.18047094345,(0.0, 0.0, 0.0, 0.0, 0.0, 0.0, 0.0)
3.21791601181,(0.0, 0.0, 0.0, 0.0, 0.0, 0.0, 0.0)
3.25642108917,(0.0, 0.0, 0.0, 0.0, 0.0, 0.0, 0.0)
3.2962911129,(0.0, 0.0, 0.0, 0.0, 0.0, 0.0, 0.0)
3.33689904213,(0.0, 0.0, 0.0, 0.0, 0.0, 0.0, 0.0)
3.37945604324,(0.0, 0.0, 0.0, 0.0, 0.0, 0.0, 0.0)
3.42172312737,(0.0, 0.0, 0.0, 0.0, 0.0, 0.0, 0.0)
3.45719099045,(0.0, 0.0, 0.0, 0.0, 0.0, 0.0, 0.0)
3.4950671196,(0.0, 0.0, 0.0, 0.0, 0.0, 0.0, 0.0)
3.5359621048,(0.0, 0.0, 0.0, 0.0, 0.0, 0.0, 0.0)
3.57704997063,(0.0, 0.0, 0.0, 0.0, 0.0, 0.0, 0.0)
3.61668992043,(0.0, 0.0, 0.0, 0.0, 0.0, 0.0, 0.0)
3.65533089638,(0.0, 0.0, 0.0, 0.0, 0.0, 0.0, 0.0)
3.69542598724,(0.0, 0.0, 0.0, 0.0, 0.0, 0.0, 0.0)
3.73672389984,(0.0, 0.0, 0.0, 0.0, 0.0, 0.0, 0.0)
3.79111194611,(0.0, 0.0, 0.0, 0.0, 0.0, 0.0, 0.0)
3.80092692375,[0, 0, 0, 0, 0, 0, 0]
