0.0044059753418,(0.0, 0.0, 0.0, 0.0, 0.0, 0.0, 0.0)
0.0443141460419,(0.0, 0.0, 0.0, 0.0, 0.0, 0.0, 0.0)
0.083526134491,(0.0, 0.0, 0.0, 0.0, 0.0, 0.0, 0.0)
0.124371051788,(0.0, 0.0, 0.0, 0.0, 0.0, 0.0, 0.0)
0.165316104889,(0.0, 0.0, 0.0, 0.0, 0.0, 0.0, 0.0)
0.204301118851,(0.0, 0.0, 0.0, 0.0, 0.0, 0.0, 0.0)
0.242526054382,(0.0, 0.0, 0.0, 0.0, 0.0, 0.0, 0.0)
0.283308982849,(0.0, 0.0, 0.0, 0.0, 0.0, 0.0, 0.0)
0.323163986206,(0.0, 0.0, 0.0, 0.0, 0.0, 0.0, 0.0)
0.36310005188,(0.0, 0.0, 0.0, 0.0, 0.0, 0.0, 0.0)
0.403175115585,(0.0, 0.0, 0.0, 0.0, 0.0, 0.0, 0.0)
0.443044185638,(0.0, 0.0, 0.0, 0.0, 0.0, 0.0, 0.0)
0.484389066696,(0.0, 0.0, 0.0, 0.0, 0.0, 0.0, 0.0)
0.52365398407,(0.0, 0.0, 0.0, 0.0, 0.0, 0.0, 0.0)
0.565175056458,(0.0, 0.0, 0.0, 0.0, 0.0, 0.0, 0.0)
0.604498147964,(0.0, 0.0, 0.0, 0.0, 0.0, 0.0, 0.0)
0.645116090775,(0.0, 0.0, 0.0, 0.0, 0.0, 0.0, 0.0)
0.684095144272,(0.0, 0.0, 0.0, 0.0, 0.0, 0.0, 0.0)
0.722746133804,(0.0, 0.0, 0.0, 0.0, 0.0, 0.0, 0.0)
0.767246961594,(0.0, 0.0, 0.0, 0.0, 0.0, 0.0, 0.0)
0.804099082947,(0.0, 0.0, 0.0, 0.0, 0.0, 0.0, 0.0)
0.843573093414,(0.0, 0.0, 0.0, 0.0, 0.0, 0.0, 0.0)
0.883099079132,(0.0, 0.0, 0.0, 0.0, 0.0, 0.0, 0.0)
0.924434185028,(0.0, 0.0, 0.0, 0.0, 0.0, 0.0, 0.0)
0.965106010437,(0.0, 0.0, 0.0, 0.0, 0.0, 0.0, 0.0)
1.00349211693,(0.0, 0.0, 0.0, 0.0, 0.0, 0.0, 0.0)
1.04545617104,(0.0, 0.0, 0.0, 0.0, 0.0, 0.0, 0.0)
1.08278417587,(0.0, 0.0, 0.0, 0.0, 0.0, 0.0, 0.0)
1.12407112122,(0.0, 0.0, 0.0, 0.0, 0.0, 0.0, 0.0)
1.16400909424,(0.0, 0.0, 0.0, 0.0, 0.0, 0.0, 0.0)
1.20308899879,(0.0, 0.0, 0.0, 0.0, 0.0, 0.0, 0.0)
1.24416518211,(0.0, 0.0, 0.0, 0.0, 0.0, 0.0, 0.0)
1.28375506401,(0.0, 0.0, 0.0, 0.0, 0.0, 0.0, 0.0)
1.32368516922,(0.0, 0.0, 0.0, 0.0, 0.0, 0.0, 0.0)
1.36323213577,(0.0, 0.0, 0.0, 0.0, 0.0, 0.0, 0.0)
1.40376496315,(0.0, 0.0, 0.0, 0.0, 0.0, 0.0, 0.0)
1.44603705406,(0.0, 0.0, 0.0, 0.0, 0.0, 0.0, 0.0)
1.48398804665,(0.0, 0.0, 0.0, 0.0, 0.0, 0.0, 0.0)
1.52360200882,(0.0, 0.0, 0.0, 0.0, 0.0, 0.0, 0.0)
1.56708502769,(0.0, 0.0, 0.0, 0.0, 0.0, 0.0, 0.0)
1.60331511497,(0.0, 0.0, 0.0, 0.0, 0.0, 0.0, 0.0)
1.64940214157,(0.0, 0.0, 0.0, 0.0, 0.0, 0.0, 0.0)
1.68241715431,(0.0, 0.0, 0.0, 0.0, 0.0, 0.0, 0.0)
1.72370314598,(0.0, 0.0, 0.0, 0.0, 0.0, 0.0, 0.0)
1.76512312889,(0.0, 0.0, 0.0, 0.0, 0.0, 0.0, 0.0)
1.80473303795,(-0.029999999329447746, 0.019999999552965164, 0.0, 0.0, 0.0, 0.0, 0.0)
1.84356999397,(-0.23999999463558197, 0.019999999552965164, 0.0, 0.0, 0.0, 0.0, 0.0)
1.88456702232,(-0.6499999761581421, 0.019999999552965164, 0.0, 0.0, 0.0, 0.0, 0.0)
1.92359399796,(-0.9900000095367432, 0.019999999552965164, 0.0, 0.0, 0.0, 0.0, 0.0)
1.96621704102,(-0.9900000095367432, 0.029999999329447746, 0.0, 0.0, 0.0, 0.0, 0.0)
2.00370407104,(-0.9900000095367432, 0.029999999329447746, 0.0, 0.0, 0.0, 0.0, 0.0)
2.04712319374,(-0.9900000095367432, 0.009999999776482582, 0.0, 0.0, 0.0, 0.0, 0.0)
2.08305096626,(-0.9900000095367432, 0.009999999776482582, 0.0, 0.0, 0.0, 0.0, 0.0)
2.12361717224,(-0.9900000095367432, 0.009999999776482582, 0.0, 0.0, 0.0, 0.0, 0.0)
2.1655831337,(-0.9900000095367432, 0.019999999552965164, 0.0, 0.0, 0.0, 0.0, 0.0)
2.20348310471,(-0.9900000095367432, 0.019999999552965164, 0.0, 0.0, 0.0, 0.0, 0.0)
2.24505901337,(-0.9900000095367432, 0.019999999552965164, 0.0, 0.0, 0.0, 0.0, 0.0)
2.2831389904,(-0.9900000095367432, 0.019999999552965164, 0.0, 0.0, 0.0, 0.0, 0.0)
2.32372498512,(-0.9100000262260437, 0.009999999776482582, 0.0, 0.0, 0.0, 0.0, 0.0)
2.36715507507,(0.0, 0.0, 0.0, 0.0, 0.0, 0.0, 0.0)
2.40464305878,(0.0, 0.0, 0.0, 0.0, 0.0, 0.0, 0.0)
2.44767403603,(0.0, 0.0, 0.0, 0.0, 0.0, 0.0, 0.0)
2.48391914368,(0.0, 0.0, 0.0, 0.0, 0.0, 0.0, 0.0)
2.52434301376,(0.0, 0.0, 0.0, 0.0, 0.0, 0.0, 0.0)
2.56261110306,(0.0, 0.0, 0.0, 0.0, 0.0, 0.0, 0.0)
2.60425710678,(0.0, 0.0, 0.0, 0.0, 0.0, 0.0, 0.0)
2.64546108246,(0.0, 0.0, 0.0, 0.0, 0.0, 0.0, 0.0)
2.68484807014,(0.07000000029802322, 0.019999999552965164, 0.0, 0.0, 0.0, 0.0, 0.0)
2.7232811451,(0.6000000238418579, 0.03999999910593033, 0.0, 0.0, 0.0, 0.0, 0.0)
2.76568102837,(1.0, 0.07000000029802322, 0.0, 0.0, 0.0, 0.0, 0.0)
2.80600714684,(1.0, 0.07000000029802322, 0.0, 0.0, 0.0, 0.0, 0.0)
2.84490513802,(1.0, 0.07000000029802322, 0.0, 0.0, 0.0, 0.0, 0.0)
2.88397598267,(1.0, 0.07000000029802322, 0.0, 0.0, 0.0, 0.0, 0.0)
2.92371606827,(1.0, 0.07000000029802322, 0.0, 0.0, 0.0, 0.0, 0.0)
2.96378207207,(1.0, 0.07000000029802322, 0.0, 0.0, 0.0, 0.0, 0.0)
3.003895998,(1.0, 0.07000000029802322, 0.0, 0.0, 0.0, 0.0, 0.0)
3.04882001877,(0.3100000023841858, 0.07999999821186066, 0.0, 0.0, 0.0, 0.0, 0.0)
3.08460307121,(0.0, 0.0, 0.0, 0.0, 0.0, 0.0, 0.0)
3.12329006195,(0.0, 0.009999999776482582, 0.0, 0.0, 0.0, 0.0, 0.0)
3.16344499588,(0.0, 0.019999999552965164, 0.0, 0.0, 0.0, 0.0, 0.0)
3.2034611702,(-0.07000000029802322, 0.019999999552965164, 0.0, 0.0, 0.0, 0.0, 0.0)
3.24746108055,(-0.6200000047683716, 0.03999999910593033, 0.0, 0.0, 0.0, 0.0, 0.0)
3.28408098221,(-0.9900000095367432, 0.03999999910593033, 0.0, 0.0, 0.0, 0.0, 0.0)
3.32286310196,(-0.9900000095367432, 0.029999999329447746, 0.0, 0.0, 0.0, 0.0, 0.0)
3.36501002312,(-0.9900000095367432, 0.03999999910593033, 0.0, 0.0, 0.0, 0.0, 0.0)
3.40453505516,(-0.9900000095367432, 0.03999999910593033, 0.0, 0.0, 0.0, 0.0, 0.0)
3.44355106354,(-0.6000000238418579, 0.05999999865889549, 0.0, 0.0, 0.0, 0.0, 0.0)
3.48335719109,(0.029999999329447746, 0.029999999329447746, 0.0, 0.0, 0.0, 0.0, 0.0)
3.5232360363,(0.12999999523162842, 0.029999999329447746, 0.0, 0.0, 0.0, 0.0, 0.0)
3.56321716309,(0.10000000149011612, 0.07000000029802322, 0.0, 0.0, 0.0, 0.0, 0.0)
3.60517907143,(0.07000000029802322, 0.07000000029802322, 0.0, 0.0, 0.0, 0.0, 0.0)
3.64456009865,(-0.029999999329447746, 0.07000000029802322, 0.0, 0.0, 0.0, 0.0, 0.0)
3.68447518349,(-0.28999999165534973, 0.07999999821186066, 0.0, 0.0, 0.0, 0.0, 0.0)
3.72371912003,(-0.8899999856948853, 0.09000000357627869, 0.0, 0.0, 0.0, 0.0, 0.0)
3.76536607742,(-0.9900000095367432, 0.07000000029802322, 0.0, 0.0, 0.0, 0.0, 0.0)
3.8027100563,(-0.9900000095367432, 0.0, 0.0, 0.0, 0.0, 0.0, 0.0)
3.8466219902,(-0.9900000095367432, 0.0, 0.0, 0.0, 0.0, 0.0, 0.0)
3.88603019714,(-0.5299999713897705, 0.0, 0.0, 0.0, 0.0, 0.0, 0.0)
3.92313098907,(0.0, 0.0, 0.0, 0.0, 0.0, 0.0, 0.0)
3.96395611763,(0.029999999329447746, 0.0, 0.0, 0.0, 0.0, 0.0, 0.0)
4.00548410416,(0.05999999865889549, 0.0, 0.0, 0.0, 0.0, 0.0, 0.0)
4.04324698448,(-0.10000000149011612, 0.019999999552965164, 0.0, 0.0, 0.0, 0.0, 0.0)
4.08479213715,(-0.9800000190734863, 0.0, 0.0, 0.0, 0.0, 0.0, 0.0)
4.12337803841,(-0.9900000095367432, 0.0, 0.0, 0.0, 0.0, 0.0, 0.0)
4.16532206535,(-0.9900000095367432, 0.0, 0.0, 0.0, 0.0, 0.0, 0.0)
4.2040309906,(-0.07000000029802322, 0.0, 0.0, 0.0, 0.0, 0.0, 0.0)
4.24341201782,(0.0, 0.0, 0.0, 0.0, 0.0, 0.0, 0.0)
4.28491711617,(0.0, 0.0, 0.0, 0.0, 0.0, 0.0, 0.0)
4.32436609268,(0.0, 0.0, 0.0, 0.0, 0.0, 0.0, 0.0)
4.36415219307,(0.0, 0.0, 0.0, 0.0, 0.0, 0.0, 0.0)
4.40333819389,(0.0, 0.0, 0.0, 0.0, 0.0, 0.0, 0.0)
4.44340896606,(0.0, 0.0, 0.0, 0.0, 0.0, 0.0, 0.0)
4.48408508301,(0.0, 0.0, 0.0, 0.0, 0.0, 0.0, 0.0)
4.52310299873,(0.0, 0.0, 0.0, 0.0, 0.0, 0.0, 0.0)
4.56398916245,(0.0, 0.0, 0.0, 0.0, 0.0, 0.0, 0.0)
4.60363817215,(0.0, 0.0, 0.0, 0.0, 0.0, 0.0, 0.0)
4.64433217049,(0.0, 0.0, 0.0, 0.0, 0.0, 0.0, 0.0)
4.682254076,(0.0, 0.0, 0.0, 0.0, 0.0, 0.0, 0.0)
4.72361207008,(0.0, 0.0, 0.0, 0.0, 0.0, 0.0, 0.0)
4.76368498802,(0.0, 0.0, 0.0, 0.0, 0.0, 0.0, 0.0)
4.80323314667,(0.0, 0.0, 0.0, 0.0, 0.0, 0.0, 0.0)
4.84634113312,(0.0, 0.0, 0.0, 0.0, 0.0, 0.0, 0.0)
4.88419008255,(0.0, 0.0, 0.0, 0.0, 0.0, 0.0, 0.0)
4.92380213737,(0.0, 0.0, 0.0, 0.0, 0.0, 0.0, 0.0)
4.96224999428,(0.0, 0.0, 0.0, 0.0, 0.0, 0.0, 0.0)
5.00271010399,(0.0, 0.0, 0.0, 0.0, 0.0, 0.0, 0.0)
5.04655408859,(0.0, 0.0, 0.0, 0.0, 0.0, 0.0, 0.0)
5.08454918861,(0.0, 0.0, 0.0, 0.0, 0.0, 0.0, 0.0)
5.12438607216,(0.0, 0.0, 0.0, 0.0, 0.0, 0.0, 0.0)
5.16308903694,(0.0, 0.0, 0.0, 0.0, 0.0, 0.0, 0.0)
5.20371818542,(0.0, 0.0, 0.0, 0.0, 0.0, 0.0, 0.0)
5.24375796318,(0.0, 0.0, 0.0, 0.0, 0.0, 0.0, 0.0)
5.28342103958,(0.0, 0.0, 0.0, 0.0, 0.0, 0.0, 0.0)
5.32327198982,(0.0, 0.0, 0.0, 0.0, 0.0, 0.0, 0.0)
5.36282396317,(0.0, 0.0, 0.0, 0.0, 0.0, 0.0, 0.0)
5.40472316742,(0.0, 0.0, 0.0, 0.0, 0.0, 0.0, 0.0)
5.4441921711,(0.0, 0.0, 0.0, 0.0, 0.0, 0.0, 0.0)
5.48392915726,(0.0, 0.0, 0.0, 0.0, 0.0, 0.0, 0.0)
5.52376818657,(0.0, 0.0, 0.0, 0.0, 0.0, 0.0, 0.0)
5.56355404854,(0.0, 0.0, 0.0, 0.0, 0.0, 0.0, 0.0)
5.60260915756,(0.0, 0.0, 0.0, 0.0, 0.0, 0.0, 0.0)
5.6505241394,(0.0, 0.0, 0.0, 0.0, 0.0, 0.0, 0.0)
5.68483614922,(0.0, 0.0, 0.0, 0.0, 0.0, 0.0, 0.0)
5.70007705688,[0, 0, 0, 0, 0, 0, 0]
