0.0409190654755,[0.0, 0.019999999552965164, 0.0, 0.0, 0.0, 0.0, 0.0]
0.0749399662018,[0.0, 0.009999999776482582, 0.0, 0.0, 0.0, 0.0, 0.0]
0.115279912949,[0.0, 0.019999999552965164, 0.0, 0.0, 0.0, 0.0, 0.0]
0.155552864075,[0.0, 0.019999999552965164, 0.0, 0.0, 0.0, 0.0, 0.0]
0.195119857788,[0.0, 0.019999999552965164, 0.0, 0.0, 0.0, 0.0, 0.0]
0.235687017441,[0.0, 0.019999999552965164, 0.0, 0.0, 0.0, 0.0, 0.0]
0.275663852692,[0.0, 0.009999999776482582, 0.0, 0.0, 0.0, 0.0, 0.0]
0.31466794014,[0.0, 0.019999999552965164, 0.0, 0.0, 0.0, 0.0, 0.0]
0.354995012283,[0.0, 0.019999999552965164, 0.0, 0.0, 0.0, 0.0, 0.0]
0.395273923874,[0.0, 0.019999999552965164, 0.0, 0.0, 0.0, 0.0, 0.0]
0.437408924103,[0.0, 0.019999999552965164, 0.0, 0.0, 0.0, 0.0, 0.0]
0.474719047546,[0.0, 0.0, 0.0, 0.0, 0.0, 0.0, 0.0]
0.514716863632,[0.0, 0.0, 0.0, 0.0, 0.0, 0.0, 0.0]
0.558076858521,[0.0, 0.0, 0.0, 0.0, 0.0, 0.0, 0.0]
0.594272851944,[0.0, 0.0, 0.0, 0.0, 0.0, 0.0, 0.0]
0.63676905632,[0.0, 0.0, 0.0, 0.0, 0.0, 0.0, 0.0]
0.674964904785,[0.0, 0.0, 0.0, 0.0, 0.0, 0.0, 0.0]
0.715460062027,[-0.2800000011920929, 0.0, 0.0, 0.0, 0.0, 0.0, 0.0]
0.753782987595,[-0.6000000238418579, 0.0, 0.0, 0.0, 0.0, 0.0, 0.0]
0.794872045517,[-0.9900000095367432, 0.12999999523162842, 0.0, 0.0, 0.0, 0.0, 0.0]
0.835952043533,[-0.9900000095367432, 0.12999999523162842, 0.0, 0.0, 0.0, 0.0, 0.0]
0.874741077423,[-0.9900000095367432, 0.1599999964237213, 0.0, 0.0, 0.0, 0.0, 0.0]
0.917552947998,[-0.9900000095367432, 0.18000000715255737, 0.0, 0.0, 0.0, 0.0, 0.0]
0.955549001694,[-0.800000011920929, 0.18000000715255737, 0.0, 0.0, 0.0, 0.0, 0.0]
0.995497941971,[0.0, 0.0, 0.0, 0.0, 0.0, 0.0, 0.0]
1.03454494476,[0.0, 0.0, 0.0, 0.0, 0.0, 0.0, 0.0]
1.07399702072,[0.0, 0.0, 0.0, 0.0, 0.0, 0.0, 0.0]
1.11501407623,[0.0, 0.0, 0.0, 0.0, 0.0, 0.0, 0.0]
1.15918803215,[0.0, 0.0, 0.0, 0.0, 0.0, 0.0, 0.0]
1.1946849823,[0.05000000074505806, 0.0, 0.0, 0.0, 0.0, 0.0, 0.0]
1.23893404007,[0.2199999988079071, 0.0, 0.0, 0.0, 0.0, 0.0, 0.0]
1.27468490601,[0.4399999976158142, 0.0, 0.0, 0.0, 0.0, 0.0, 0.0]
1.31579899788,[0.6600000262260437, 0.0, 0.0, 0.0, 0.0, 0.0, 0.0]
1.35387992859,[0.8199999928474426, 0.0, 0.0, 0.0, 0.0, 0.0, 0.0]
1.39553308487,[1.0, 0.0, 0.0, 0.0, 0.0, 0.0, 0.0]
1.43408298492,[1.0, 0.0, 0.0, 0.0, 0.0, 0.0, 0.0]
1.47673606873,[1.0, 0.0, 0.0, 0.0, 0.0, 0.0, 0.0]
1.51448202133,[1.0, 0.0, 0.0, 0.0, 0.0, 0.0, 0.0]
1.55590200424,[1.0, 0.009999999776482582, 0.0, 0.0, 0.0, 0.0, 0.0]
1.594632864,[0.0, 0.0, 0.0, 0.0, 0.0, 0.0, 0.0]
1.63461589813,[0.0, 0.0, 0.0, 0.0, 0.0, 0.0, 0.0]
1.67460799217,[0.0, 0.0, 0.0, 0.0, 0.0, 0.0, 0.0]
1.71538805962,[0.0, 0.0, 0.0, 0.0, 0.0, 0.0, 0.0]
1.75786185265,[-0.15000000596046448, 0.0, 0.0, 0.0, 0.0, 0.0, 0.0]
1.79597997665,[-0.38999998569488525, 0.0, 0.0, 0.0, 0.0, 0.0, 0.0]
1.83697390556,[-0.5899999737739563, 0.0, 0.0, 0.0, 0.0, 0.0, 0.0]
1.87519788742,[-0.6299999952316284, -0.03999999910593033, 0.0, 0.0, 0.0, 0.0, 0.0]
1.91785502434,[-0.6399999856948853, -0.05999999865889549, 0.0, 0.0, 0.0, 0.0, 0.0]
1.95583200455,[-0.6499999761581421, -0.07000000029802322, 0.0, 0.0, 0.0, 0.0, 0.0]
1.99488186836,[-0.6299999952316284, -0.07000000029802322, 0.0, 0.0, 0.0, 0.0, 0.0]
2.03643488884,[0.09000000357627869, 0.0, 0.0, 0.0, 0.0, 0.0, 0.0]
2.07450199127,[0.0, 0.0, 0.0, 0.0, 0.0, 0.0, 0.0]
2.11569404602,[0.0, 0.0, 0.0, 0.0, 0.0, 0.0, 0.0]
2.15545988083,[0.0, 0.0, 0.0, 0.0, 0.0, 0.0, 0.0]
2.19500994682,[0.019999999552965164, 0.0, 0.0, 0.0, 0.0, 0.0, 0.0]
2.23514485359,[0.12999999523162842, 0.0, 0.0, 0.0, 0.0, 0.0, 0.0]
2.27499604225,[0.38999998569488525, 0.0, 0.0, 0.0, 0.0, 0.0, 0.0]
2.31396698952,[0.6700000166893005, 0.0, 0.0, 0.0, 0.0, 0.0, 0.0]
2.3553378582,[0.8399999737739563, 0.0, 0.0, 0.0, 0.0, 0.0, 0.0]
2.39647102356,[0.8899999856948853, 0.0, 0.0, 0.0, 0.0, 0.0, 0.0]
2.43491101265,[0.8799999952316284, 0.0, 0.0, 0.0, 0.0, 0.0, 0.0]
2.47452092171,[0.8199999928474426, 0.0, 0.0, 0.0, 0.0, 0.0, 0.0]
2.51520895958,[0.7200000286102295, 0.07000000029802322, 0.0, 0.0, 0.0, 0.0, 0.0]
2.55506205559,[0.15000000596046448, 0.10000000149011612, 0.0, 0.0, 0.0, 0.0, 0.0]
2.59481191635,[0.0, 0.0, 0.0, 0.0, 0.0, 0.0, 0.0]
2.6352519989,[0.0, 0.0, 0.0, 0.0, 0.0, 0.0, 0.0]
2.68036603928,[0.0, 0.0, 0.0, 0.0, 0.0, 0.0, 0.0]
2.71499204636,[-0.07999999821186066, 0.0, 0.0, 0.0, 0.0, 0.0, 0.0]
2.75456595421,[-0.3100000023841858, 0.0, 0.0, 0.0, 0.0, 0.0, 0.0]
2.79545092583,[-0.6100000143051147, 0.0, 0.0, 0.0, 0.0, 0.0, 0.0]
2.83529496193,[-0.8500000238418579, -0.029999999329447746, 0.0, 0.0, 0.0, 0.0, 0.0]
2.87475895882,[-0.8999999761581421, -0.029999999329447746, 0.0, 0.0, 0.0, 0.0, 0.0]
2.91584897041,[-0.8899999856948853, -0.029999999329447746, 0.0, 0.0, 0.0, 0.0, 0.0]
2.95500898361,[-0.800000011920929, -0.029999999329447746, 0.0, 0.0, 0.0, 0.0, 0.0]
2.99432206154,[0.0, 0.0, 0.0, 0.0, 0.0, 0.0, 0.0]
3.04040002823,[0.0, 0.0, 0.0, 0.0, 0.0, 0.0, 0.0]
3.07494997978,[0.0, 0.0, 0.0, 0.0, 0.0, 0.0, 0.0]
3.11968898773,[0.0, 0.0, 0.0, 0.0, 0.0, 0.0, 0.0]
3.15481495857,[0.0, 0.0, 0.0, 0.0, 0.0, 0.0, 0.0]
3.19478392601,[0.0, 0.0, 0.0, 0.0, 0.0, 0.0, 0.0]
3.23649597168,[0.07000000029802322, 0.0, 0.0, 0.0, 0.0, 0.0, 0.0]
3.27880191803,[0.3499999940395355, 0.0, 0.0, 0.0, 0.0, 0.0, 0.0]
3.31594705582,[0.7799999713897705, 0.0, 0.0, 0.0, 0.0, 0.0, 0.0]
3.35586690903,[1.0, 0.0, 0.0, 0.0, 0.0, 0.0, 0.0]
3.39479994774,[1.0, 0.0, 0.0, 0.0, 0.0, 0.0, 0.0]
3.43687987328,[1.0, 0.0, 0.0, 0.0, 0.0, 0.0, 0.0]
3.47527885437,[0.7900000214576721, 0.03999999910593033, 0.0, 0.0, 0.0, 0.0, 0.0]
3.51478385925,[0.0, 0.0, 0.0, 0.0, 0.0, 0.0, 0.0]
3.55583786964,[0.0, 0.0, 0.0, 0.0, 0.0, 0.0, 0.0]
3.59588599205,[0.0, 0.0, 0.0, 0.0, 0.0, 0.0, 0.0]
3.63709497452,[0.0, 0.0, 0.0, 0.0, 0.0, 0.0, 0.0]
3.67565107346,[0.0, 0.0, 0.0, 0.0, 0.0, 0.0, 0.0]
3.71541595459,[0.0, 0.0, 0.0, 0.0, 0.0, 0.0, 0.0]
3.75556087494,[-0.15000000596046448, 0.0, 0.0, 0.0, 0.0, 0.0, 0.0]
3.79483985901,[-0.5099999904632568, 0.0, 0.0, 0.0, 0.0, 0.0, 0.0]
3.83569788933,[-0.9900000095367432, 0.0, 0.0, 0.0, 0.0, 0.0, 0.0]
3.87521791458,[-0.9900000095367432, 0.0, 0.0, 0.0, 0.0, 0.0, 0.0]
3.91417193413,[-0.9900000095367432, 0.0, 0.0, 0.0, 0.0, 0.0, 0.0]
3.95536589622,[-0.9900000095367432, 0.0, 0.0, 0.0, 0.0, 0.0, 0.0]
3.99565005302,[0.0, 0.0, 0.0, 0.0, 0.0, 0.0, 0.0]
4.03558087349,[0.0, 0.0, 0.0, 0.0, 0.0, 0.0, 0.0]
4.07627391815,[0.0, 0.0, 0.0, 0.0, 0.0, 0.0, 0.0]
4.11587500572,[0.0, 0.0, 0.0, 0.0, 0.0, 0.0, 0.0]
4.15636897087,[0.0, 0.0, 0.0, 0.0, 0.0, 0.0, 0.0]
4.19510698318,[0.0, 0.0, 0.0, 0.0, 0.0, 0.0, 0.0]
4.23512005806,[0.0, 0.0, 0.0, 0.0, 0.0, 0.0, 0.0]
4.27449297905,[0.0, 0.0, 0.0, 0.0, 0.0, 0.0, 0.0]
4.3177280426,[0.029999999329447746, 0.0, 0.0, 0.0, 0.0, 0.0, 0.0]
4.35541892052,[0.18000000715255737, 0.03999999910593033, 0.0, 0.0, 0.0, 0.0, 0.0]
4.39520406723,[0.6499999761581421, 0.07000000029802322, 0.0, 0.0, 0.0, 0.0, 0.0]
4.43574094772,[0.8199999928474426, 0.029999999329447746, 0.0, 0.0, 0.0, 0.0, 0.0]
4.48299098015,[0.8199999928474426, 0.029999999329447746, 0.0, 0.0, 0.0, 0.0, 0.0]
4.51450991631,[0.8199999928474426, 0.029999999329447746, 0.0, 0.0, 0.0, 0.0, 0.0]
4.55531096458,[0.7799999713897705, 0.029999999329447746, 0.0, 0.0, 0.0, 0.0, 0.0]
4.59482192993,[0.0, 0.0, 0.0, 0.0, 0.0, 0.0, 0.0]
4.63506007195,[0.0, 0.0, 0.0, 0.0, 0.0, 0.0, 0.0]
4.674077034,[0.0, 0.0, 0.0, 0.0, 0.0, 0.0, 0.0]
4.71459507942,[0.0, 0.0, 0.0, 0.0, 0.0, 0.0, 0.0]
4.75741195679,[0.0, 0.0, 0.0, 0.0, 0.0, 0.0, 0.0]
4.79581308365,[0.0, 0.0, 0.0, 0.0, 0.0, 0.0, 0.0]
4.8355588913,[0.0, 0.0, 0.0, 0.0, 0.0, 0.0, 0.0]
4.87503099442,[0.0, 0.0, 0.0, 0.0, 0.0, 0.0, 0.0]
4.91497993469,[0.07000000029802322, -0.3100000023841858, 0.0, 0.0, 0.0, 0.0, 0.0]
4.95508885384,[0.12999999523162842, -0.6399999856948853, 0.0, 0.0, 0.0, 0.0, 0.0]
4.99451494217,[0.28999999165534973, -0.9900000095367432, 0.0, 0.0, 0.0, 0.0, 0.0]
5.03485608101,[0.28999999165534973, -0.9900000095367432, 0.0, 0.0, 0.0, 0.0, 0.0]
5.08067107201,[0.2800000011920929, -0.9900000095367432, 0.0, 0.0, 0.0, 0.0, 0.0]
5.11660790443,[0.2800000011920929, -0.9900000095367432, 0.0, 0.0, 0.0, 0.0, 0.0]
5.1552670002,[0.27000001072883606, -0.9900000095367432, 0.0, 0.0, 0.0, 0.0, 0.0]
5.19489502907,[0.20999999344348907, -0.9800000190734863, 0.0, 0.0, 0.0, 0.0, 0.0]
5.23713088036,[0.0, 0.0, 0.0, 0.0, 0.0, 0.0, 0.0]
5.274985075,[0.0, 0.0, 0.0, 0.0, 0.0, 0.0, 0.0]
5.31653499603,[0.0, 0.0, 0.0, 0.0, 0.0, 0.0, 0.0]
5.35777306557,[0.0, 0.029999999329447746, 0.0, 0.0, 0.0, 0.0, 0.0]
5.3944208622,[0.0, 0.3799999952316284, 0.0, 0.0, 0.0, 0.0, 0.0]
5.4364938736,[-0.15000000596046448, 0.7599999904632568, 0.0, 0.0, 0.0, 0.0, 0.0]
5.47502398491,[-0.25, 1.0, 0.0, 0.0, 0.0, 0.0, 0.0]
5.51484894753,[-0.23999999463558197, 1.0, 0.0, 0.0, 0.0, 0.0, 0.0]
5.5568459034,[-0.25, 1.0, 0.0, 0.0, 0.0, 0.0, 0.0]
5.59571003914,[-0.25, 1.0, 0.0, 0.0, 0.0, 0.0, 0.0]
5.63543486595,[-0.25, 1.0, 0.0, 0.0, 0.0, 0.0, 0.0]
5.6743080616,[-0.25, 1.0, 0.0, 0.0, 0.0, 0.0, 0.0]
5.71737599373,[-0.23000000417232513, 1.0, 0.0, 0.0, 0.0, 0.0, 0.0]
5.75488901138,[-0.15000000596046448, 0.8199999928474426, 0.0, 0.0, 0.0, 0.0, 0.0]
5.79657006264,[0.0, 0.0, 0.0, 0.0, 0.0, 0.0, 0.0]
5.83668684959,[0.0, 0.0, 0.0, 0.0, 0.0, 0.0, 0.0]
5.87452697754,[0.0, 0.0, 0.0, 0.0, 0.0, 0.0, 0.0]
5.9151558876,[0.0, 0.0, 0.0, 0.0, 0.0, 0.0, 0.0]
5.95538306236,[0.0, 0.0, 0.0, 0.0, 0.0, 0.0, 0.0]
5.9990029335,[0.0, 0.0, 0.0, 0.0, 0.0, 0.0, 0.0]
6.0365998745,[0.0, 0.0, 0.0, 0.0, 0.0, 0.0, 0.0]
6.07399702072,[0.0, -0.3199999928474426, 0.0, 0.0, 0.0, 0.0, 0.0]
6.11481499672,[0.0, -0.5899999737739563, 0.0, 0.0, 0.0, 0.0, 0.0]
6.15510702133,[0.07000000029802322, -0.800000011920929, 0.0, 0.0, 0.0, 0.0, 0.0]
6.19508099556,[0.09000000357627869, -0.8500000238418579, 0.0, 0.0, 0.0, 0.0, 0.0]
6.23432707787,[0.09000000357627869, -0.8500000238418579, 0.0, 0.0, 0.0, 0.0, 0.0]
6.27529191971,[0.07000000029802322, -0.7599999904632568, 0.0, 0.0, 0.0, 0.0, 0.0]
6.31497502327,[0.0, -0.3499999940395355, 0.0, 0.0, 0.0, 0.0, 0.0]
6.35489487648,[0.0, 0.0, 0.0, 0.0, 0.0, 0.0, 0.0]
6.3953268528,[0.0, 0.0, 0.0, 0.0, 0.0, 0.0, 0.0]
6.43463897705,[0.0, 0.019999999552965164, 0.0, 0.0, 0.0, 0.0, 0.0]
6.47735285759,[0.0, 0.25, 0.0, 0.0, 0.0, 0.0, 0.0]
6.51565599442,[-0.09000000357627869, 0.6499999761581421, 0.0, 0.0, 0.0, 0.0, 0.0]
6.55542302132,[-0.20999999344348907, 1.0, 0.0, 0.0, 0.0, 0.0, 0.0]
6.59638595581,[-0.20999999344348907, 1.0, 0.0, 0.0, 0.0, 0.0, 0.0]
6.63675498962,[-0.20999999344348907, 1.0, 0.0, 0.0, 0.0, 0.0, 0.0]
6.67481398582,[-0.20999999344348907, 1.0, 0.0, 0.0, 0.0, 0.0, 0.0]
6.71532392502,[-0.17000000178813934, 0.9800000190734863, 0.0, 0.0, 0.0, 0.0, 0.0]
6.75534701347,[0.0, 0.4300000071525574, 0.0, 0.0, 0.0, 0.0, 0.0]
6.79404091835,[0.0, 0.029999999329447746, 0.0, 0.0, 0.0, 0.0, 0.0]
6.8351418972,[0.0, 0.029999999329447746, 0.0, 0.0, 0.0, 0.0, 0.0]
6.87397289276,[0.0, 0.009999999776482582, 0.0, 0.0, 0.0, 0.0, 0.0]
6.9156870842,[0.0, 0.0, 0.0, 0.0, 0.0, 0.0, 0.0]
6.95459294319,[0.0, 0.0, 0.0, 0.0, 0.0, 0.0, 0.0]
6.99532198906,[0.0, 0.0, 0.0, 0.0, 0.0, 0.0, 0.0]
7.03506588936,[0.0, -0.2199999988079071, 0.0, 0.0, 0.0, 0.0, 0.0]
7.07594490051,[0.0, -0.5299999713897705, 0.0, 0.0, 0.0, 0.0, 0.0]
7.11559796333,[0.0, -0.7799999713897705, 0.0, 0.0, 0.0, 0.0, 0.0]
7.15605092049,[0.05999999865889549, -0.9900000095367432, 0.0, 0.0, 0.0, 0.0, 0.0]
7.19517993927,[0.09000000357627869, -0.9900000095367432, 0.0, 0.0, 0.0, 0.0, 0.0]
7.23541998863,[0.10000000149011612, -0.9900000095367432, 0.0, 0.0, 0.0, 0.0, 0.0]
7.27441906929,[0.09000000357627869, -0.9599999785423279, 0.0, 0.0, 0.0, 0.0, 0.0]
7.31481599808,[0.07000000029802322, -0.75, 0.0, 0.0, 0.0, 0.0, 0.0]
7.35509395599,[0.0, 0.0, 0.0, 0.0, 0.0, 0.0, 0.0]
7.39506101608,[0.0, 0.0, 0.0, 0.0, 0.0, 0.0, 0.0]
7.43590188026,[0.0, 0.0, 0.0, 0.0, 0.0, 0.0, 0.0]
7.4751060009,[0.0, 0.029999999329447746, 0.0, 0.0, 0.0, 0.0, 0.0]
7.51575803757,[0.0, 0.3400000035762787, 0.0, 0.0, 0.0, 0.0, 0.0]
7.55470490456,[-0.14000000059604645, 0.75, 0.0, 0.0, 0.0, 0.0, 0.0]
7.59515190125,[-0.23000000417232513, 1.0, 0.0, 0.0, 0.0, 0.0, 0.0]
7.63751506805,[-0.2199999988079071, 1.0, 0.0, 0.0, 0.0, 0.0, 0.0]
7.67711091042,[-0.23000000417232513, 1.0, 0.0, 0.0, 0.0, 0.0, 0.0]
7.71527004242,[-0.18000000715255737, 1.0, 0.0, 0.0, 0.0, 0.0, 0.0]
7.75453186035,[-0.10999999940395355, 0.7799999713897705, 0.0, 0.0, 0.0, 0.0, 0.0]
7.79492592812,[0.0, 0.0, 0.0, 0.0, 0.0, 0.0, 0.0]
7.83573389053,[0.0, 0.0, 0.0, 0.0, 0.0, 0.0, 0.0]
7.8738079071,[0.0, 0.0, 0.0, 0.0, 0.0, 0.0, 0.0]
7.91600298882,[0.0, 0.0, 0.0, 0.0, 0.0, 0.0, 0.0]
7.96360397339,[0.0, 0.0, 0.0, 0.0, 0.0, 0.0, 0.0]
7.99650406837,[0.0, -0.4099999964237213, 0.0, 0.0, 0.0, 0.0, 0.0]
8.0381269455,[0.07000000029802322, -0.9900000095367432, 0.0, 0.0, 0.0, 0.0, 0.0]
8.0754199028,[0.0, -0.9900000095367432, 0.0, 0.0, 0.0, 0.0, 0.0]
8.11480808258,[0.0, -0.9900000095367432, 0.0, 0.0, 0.0, 0.0, 0.0]
8.15559792519,[0.0, -0.9900000095367432, 0.0, 0.0, 0.0, 0.0, 0.0]
8.19554495811,[0.0, -0.9900000095367432, 0.0, 0.0, 0.0, 0.0, 0.0]
8.24046897888,[0.0, -0.9900000095367432, 0.0, 0.0, 0.0, 0.0, 0.0]
8.27516293526,[0.0, -0.05999999865889549, 0.0, 0.0, 0.0, 0.0, 0.0]
8.31540703773,[0.0, 0.0, 0.0, 0.0, 0.0, 0.0, 0.0]
8.35512304306,[0.0, 0.0, 0.0, 0.0, 0.0, 0.0, 0.0]
8.3944208622,[0.0, 0.0, 0.0, 0.0, 0.0, 0.0, 0.0]
8.43814706802,[0.0, 0.019999999552965164, 0.0, 0.0, 0.0, 0.0, 0.0]
8.4744989872,[0.0, 0.14000000059604645, 0.0, 0.0, 0.0, 0.0, 0.0]
8.51560401917,[-0.10999999940395355, 0.7699999809265137, 0.0, 0.0, 0.0, 0.0, 0.0]
8.55542492867,[-0.18000000715255737, 1.0, 0.0, 0.0, 0.0, 0.0, 0.0]
8.5947830677,[-0.18000000715255737, 1.0, 0.0, 0.0, 0.0, 0.0, 0.0]
8.63703989983,[-0.17000000178813934, 1.0, 0.0, 0.0, 0.0, 0.0, 0.0]
8.6750638485,[-0.18000000715255737, 1.0, 0.0, 0.0, 0.0, 0.0, 0.0]
8.71405291557,[-0.17000000178813934, 1.0, 0.0, 0.0, 0.0, 0.0, 0.0]
8.75569295883,[0.0, 0.07000000029802322, 0.0, 0.0, 0.0, 0.0, 0.0]
8.79440402985,[0.0, 0.0, 0.0, 0.0, 0.0, 0.0, 0.0]
8.83507204056,[0.0, 0.0, 0.0, 0.0, 0.0, 0.0, 0.0]
8.87638306618,[0.0, 0.0, 0.0, 0.0, 0.0, 0.0, 0.0]
8.91474199295,[0.0, 0.0, 0.0, 0.0, 0.0, 0.0, 0.0]
8.95528006554,[0.0, -0.10000000149011612, 0.0, 0.0, 0.0, 0.0, 0.0]
8.99460291862,[0.0, -0.7099999785423279, 0.0, 0.0, 0.0, 0.0, 0.0]
9.03499698639,[0.0, -0.9900000095367432, 0.0, 0.0, 0.0, 0.0, 0.0]
9.07448601723,[0.0, -0.9900000095367432, 0.0, 0.0, 0.0, 0.0, 0.0]
9.11670207977,[0.0, -0.9900000095367432, 0.0, 0.0, 0.0, 0.0, 0.0]
9.15657305717,[0.0, -0.9900000095367432, 0.0, 0.0, 0.0, 0.0, 0.0]
9.19874691963,[0.0, 0.0, 0.0, 0.0, 0.0, 0.0, 0.0]
9.23494100571,[0.0, 0.0, 0.0, 0.0, 0.0, 0.0, 0.0]
9.27446293831,[0.0, 0.0, 0.0, 0.0, 0.0, 0.0, 0.0]
9.31490397453,[0.0, 0.0, 0.0, 0.0, 0.0, 0.0, 0.0]
9.35491085052,[0.0, 0.0, 0.0, 0.0, 0.0, 0.0, 0.0]
9.39444494247,[0.0, 0.0, 0.0, 0.0, 0.18000000715255737, 0.0, 0.0]
9.43653488159,[0.0, 0.0, 0.0, 0.0, 0.6200000047683716, 0.0, 0.0]
9.48051905632,[0.0, 0.0, 0.0, 0.0, 0.9900000095367432, 0.11999999731779099, 0.0]
9.51516103745,[0.0, 0.0, 0.0, 0.0, 0.9900000095367432, 0.10999999940395355, 0.0]
9.5555369854,[0.0, 0.0, 0.0, 0.0, 0.9900000095367432, 0.10999999940395355, 0.0]
9.59586691856,[0.0, 0.0, 0.0, 0.0, 0.9900000095367432, 0.10999999940395355, 0.0]
9.63665103912,[0.0, 0.0, 0.0, 0.0, 0.9900000095367432, 0.10000000149011612, 0.0]
9.67419886589,[0.0, 0.0, 0.0, 0.0, 0.9900000095367432, 0.10999999940395355, 0.0]
9.71451687813,[0.0, 0.0, 0.0, 0.0, 0.9900000095367432, 0.10999999940395355, 0.0]
9.75741505623,[0.0, 0.0, 0.0, 0.0, 0.9900000095367432, 0.10999999940395355, 0.0]
9.79639005661,[0.0, 0.0, 0.0, 0.0, 0.9900000095367432, 0.10999999940395355, 0.0]
9.83621501923,[0.0, 0.0, 0.0, 0.0, 0.9900000095367432, 0.10000000149011612, 0.0]
9.87444496155,[0.0, 0.0, 0.0, 0.0, 0.9900000095367432, 0.10999999940395355, 0.0]
9.91502690315,[0.0, 0.0, 0.0, 0.0, 0.9900000095367432, 0.10999999940395355, 0.0]
9.9541759491,[0.0, 0.0, 0.0, 0.0, 0.9900000095367432, 0.10999999940395355, 0.0]
9.99528503418,[0.0, 0.0, 0.0, 0.0, 0.9900000095367432, 0.10000000149011612, 0.0]
10.0380690098,[0.0, 0.0, 0.0, 0.0, 0.9900000095367432, 0.10999999940395355, 0.0]
10.0747249126,[0.0, 0.0, 0.0, 0.0, 0.9900000095367432, 0.10999999940395355, 0.0]
10.1154808998,[0.0, 0.0, 0.0, 0.0, 0.9900000095367432, 0.12999999523162842, 0.0]
10.1550269127,[0.0, 0.0, 0.0, 0.0, 0.9900000095367432, 0.12999999523162842, 0.0]
10.1961069107,[0.0, 0.0, 0.0, 0.0, 0.8399999737739563, 0.11999999731779099, 0.0]
10.2346248627,[0.0, 0.0, 0.0, 0.0, 0.0, 0.0, 0.0]
10.2753610611,[0.0, 0.0, 0.0, 0.0, -0.6000000238418579, -0.029999999329447746, 0.0]
10.3142800331,[0.0, 0.0, 0.0, 0.0, -1.0, -0.1899999976158142, 0.0]
10.3550169468,[0.0, 0.0, 0.0, 0.0, -1.0, -0.1899999976158142, 0.0]
10.3957428932,[0.0, 0.0, 0.0, 0.0, -1.0, -0.20000000298023224, 0.0]
10.4352810383,[0.0, 0.0, 0.0, 0.0, -1.0, -0.1899999976158142, 0.0]
10.474891901,[0.0, 0.0, 0.0, 0.0, -1.0, -0.1899999976158142, 0.0]
10.5156478882,[0.0, 0.0, 0.0, 0.0, -1.0, -0.1899999976158142, 0.0]
10.5614049435,[0.0, 0.0, 0.0, 0.0, -1.0, -0.1899999976158142, 0.0]
10.5950469971,[0.0, 0.0, 0.0, 0.0, -1.0, -0.20000000298023224, 0.0]
10.635999918,[0.0, 0.0, 0.0, 0.0, -1.0, -0.1899999976158142, 0.0]
10.6754908562,[0.0, 0.0, 0.0, 0.0, -1.0, -0.20999999344348907, 0.0]
10.7204349041,[0.0, 0.0, 0.0, 0.0, -0.019999999552965164, 0.05000000074505806, 0.0]
10.7550599575,[0.0, 0.0, 0.0, 0.0, 0.9900000095367432, 0.14000000059604645, 0.0]
10.7945559025,[0.0, 0.0, 0.0, 0.0, 0.9900000095367432, 0.1599999964237213, 0.0]
10.8364369869,[0.0, 0.0, 0.0, 0.0, 0.9900000095367432, 0.17000000178813934, 0.0]
10.8782999516,[0.0, 0.0, 0.0, 0.0, 0.9900000095367432, 0.1599999964237213, 0.0]
10.9157919884,[0.0, 0.0, 0.0, 0.0, 0.9900000095367432, 0.1599999964237213, 0.0]
10.9551570415,[0.0, 0.0, 0.0, 0.0, 0.9900000095367432, 0.1599999964237213, 0.0]
10.9954638481,[0.0, 0.0, 0.0, 0.0, 0.9900000095367432, 0.15000000596046448, 0.0]
11.0352859497,[0.0, 0.0, 0.0, 0.0, 0.9900000095367432, 0.17000000178813934, 0.0]
11.0752470493,[0.0, 0.0, 0.0, 0.0, 0.9900000095367432, 0.17000000178813934, 0.0]
11.1151778698,[0.0, 0.0, 0.0, 0.0, 0.9900000095367432, 0.17000000178813934, 0.0]
11.1561360359,[0.0, 0.0, 0.0, 0.0, 0.9900000095367432, 0.17000000178813934, 0.0]
11.1949939728,[0.0, 0.0, 0.0, 0.0, 0.9900000095367432, 0.20999999344348907, 0.0]
11.2351400852,[0.0, 0.0, 0.0, 0.0, 0.33000001311302185, 0.14000000059604645, 0.0]
11.2749688625,[0.0, 0.0, 0.0, 0.0, -0.75, -0.03999999910593033, 0.0]
11.315805912,[0.0, 0.0, 0.0, 0.0, -1.0, -0.1599999964237213, 0.0]
11.3550899029,[0.0, 0.0, 0.0, 0.0, -1.0, -0.17000000178813934, 0.0]
11.3948349953,[0.0, 0.0, 0.0, 0.0, -1.0, -0.11999999731779099, 0.0]
11.4352090359,[0.0, 0.0, 0.0, 0.0, -1.0, -0.07000000029802322, 0.0]
11.474560976,[0.0, 0.0, 0.0, 0.0, -1.0, -0.07000000029802322, 0.0]
11.5160839558,[0.0, 0.0, 0.0, 0.0, -1.0, -0.07000000029802322, 0.0]
11.5563468933,[0.0, 0.0, 0.0, 0.0, -1.0, -0.07000000029802322, 0.0]
11.5945060253,[0.0, 0.0, 0.0, 0.0, -1.0, -0.07000000029802322, 0.0]
11.6348359585,[0.0, 0.0, 0.0, 0.0, -1.0, -0.07000000029802322, 0.0]
11.6752128601,[0.0, 0.0, 0.0, 0.0, -0.8899999856948853, -0.10000000149011612, 0.0]
11.7148780823,[0.0, 0.0, 0.0, 0.0, 0.0, 0.0, 0.0]
11.7550568581,[0.0, 0.0, 0.0, 0.0, 0.9900000095367432, -0.019999999552965164, 0.0]
11.7995419502,[0.0, 0.0, 0.0, 0.0, 0.9900000095367432, -0.18000000715255737, 0.0]
11.8352599144,[0.0, 0.0, 0.0, 0.0, 0.9900000095367432, 0.0, 0.0]
11.8747720718,[0.0, 0.0, 0.0, 0.0, 0.9900000095367432, 0.0, 0.0]
11.9155859947,[0.0, 0.0, 0.0, 0.0, 0.9900000095367432, -0.029999999329447746, 0.0]
11.9567489624,[0.0, 0.0, 0.0, 0.0, 0.9900000095367432, -0.05999999865889549, 0.0]
11.9955170155,[0.0, 0.0, 0.0, 0.0, 0.9900000095367432, -0.05000000074505806, 0.0]
12.0387599468,[0.0, 0.0, 0.0, 0.0, 0.9900000095367432, -0.029999999329447746, 0.0]
12.0750470161,[0.0, 0.0, 0.0, 0.0, 0.9900000095367432, -0.029999999329447746, 0.0]
12.1144149303,[0.0, 0.0, 0.0, 0.0, 0.9900000095367432, -0.009999999776482582, 0.0]
12.1551530361,[0.0, 0.0, 0.0, 0.0, 0.9900000095367432, 0.0, 0.0]
12.1952190399,[0.0, 0.0, 0.0, 0.0, 0.8999999761581421, 0.0, 0.0]
12.2357709408,[0.0, 0.0, 0.0, 0.0, -0.05000000074505806, 0.0, 0.0]
12.2743098736,[0.0, 0.0, 0.0, 0.0, -0.75, -0.1899999976158142, 0.0]
12.3153760433,[0.0, 0.0, 0.0, 0.0, -1.0, -0.3199999928474426, 0.0]
12.3555870056,[0.0, 0.0, 0.0, 0.0, -1.0, -0.3100000023841858, 0.0]
12.395993948,[0.0, 0.0, 0.0, 0.0, -1.0, -0.28999999165534973, 0.0]
12.4357309341,[0.0, 0.0, 0.0, 0.0, -1.0, -0.28999999165534973, 0.0]
12.4739398956,[0.0, 0.0, 0.0, 0.0, -1.0, -0.28999999165534973, 0.0]
12.5155918598,[0.0, 0.0, 0.0, 0.0, -1.0, -0.30000001192092896, 0.0]
12.5547339916,[0.0, 0.0, 0.0, 0.0, -1.0, -0.30000001192092896, 0.0]
12.5947759151,[0.0, 0.0, 0.0, 0.0, -1.0, -0.28999999165534973, 0.0]
12.6345899105,[0.0, 0.0, 0.0, 0.0, -1.0, -0.28999999165534973, 0.0]
12.6754188538,[0.0, 0.0, 0.0, 0.0, -1.0, -0.28999999165534973, 0.0]
12.7170209885,[0.0, 0.0, 0.0, 0.0, -1.0, -0.30000001192092896, 0.0]
12.7560899258,[0.0, 0.0, 0.0, 0.0, -1.0, -0.3100000023841858, 0.0]
12.7956669331,[0.0, 0.0, 0.0, 0.0, -0.38999998569488525, 0.03999999910593033, 0.0]
12.8357410431,[0.05000000074505806, 0.019999999552965164, 0.0, 0.0, 0.7099999785423279, 0.8199999928474426, 0.0]
12.8794720173,[0.46000000834465027, 0.28999999165534973, 0.0, 0.0, 0.7599999904632568, 0.7599999904632568, 0.0]
12.9182500839,[0.8600000143051147, 0.699999988079071, 0.0, 0.0, 0.7699999809265137, 0.75, 0.0]
12.9547429085,[0.8600000143051147, 0.7099999785423279, 0.0, 0.0, 0.7599999904632568, 0.7599999904632568, 0.0]
12.9946100712,[0.8600000143051147, 0.7099999785423279, 0.0, 0.0, 0.7599999904632568, 0.7799999713897705, 0.0]
13.0355100632,[0.8600000143051147, 0.7099999785423279, 0.0, 0.0, 0.7099999785423279, 0.8399999737739563, 0.0]
13.0756289959,[0.8600000143051147, 0.7099999785423279, 0.0, 0.0, 0.6600000262260437, 0.8899999856948853, 0.0]
13.1147639751,[0.8600000143051147, 0.699999988079071, 0.0, 0.0, 0.6100000143051147, 0.9200000166893005, 0.0]
13.157034874,[0.8600000143051147, 0.7099999785423279, 0.0, 0.0, 0.5699999928474426, 0.9399999976158142, 0.0]
13.1954419613,[0.8600000143051147, 0.7099999785423279, 0.0, 0.0, 0.5, 0.9599999785423279, 0.0]
13.2356629372,[0.8600000143051147, 0.7099999785423279, 0.0, 0.0, 0.41999998688697815, 0.9900000095367432, 0.0]
13.275192976,[0.8700000047683716, 0.7099999785423279, 0.0, 0.0, 0.36000001430511475, 0.9900000095367432, 0.0]
13.3210139275,[0.8700000047683716, 0.699999988079071, 0.0, 0.0, 0.25, 0.9900000095367432, 0.0]
13.3536260128,[0.9300000071525574, 0.699999988079071, 0.0, 0.0, 0.0, 0.9900000095367432, 0.0]
13.3948628902,[1.0, 0.5299999713897705, 0.0, 0.0, -0.3700000047683716, 0.9900000095367432, 0.0]
13.4337608814,[1.0, 0.23000000417232513, 0.0, 0.0, -0.8899999856948853, 0.7099999785423279, 0.0]
13.474832058,[1.0, 0.0, 0.0, 0.0, -1.0, 0.46000000834465027, 0.0]
13.5169909,[1.0, -0.17000000178813934, 0.0, 0.0, -1.0, 0.30000001192092896, 0.0]
13.5566630363,[1.0, -0.36000001430511475, 0.0, 0.0, -1.0, 0.15000000596046448, 0.0]
13.594203949,[0.9700000286102295, -0.5199999809265137, 0.0, 0.0, -1.0, 0.11999999731779099, 0.0]
13.6393580437,[0.9100000262260437, -0.6100000143051147, 0.0, 0.0, -1.0, 0.05999999865889549, 0.0]
13.6746060848,[0.8600000143051147, -0.6700000166893005, 0.0, 0.0, -1.0, 0.0, 0.0]
13.7139229774,[0.8199999928474426, -0.7200000286102295, 0.0, 0.0, -1.0, 0.0, 0.0]
13.7546980381,[0.7799999713897705, -0.7799999713897705, 0.0, 0.0, -1.0, -0.029999999329447746, 0.0]
13.8008768559,[0.7599999904632568, -0.8199999928474426, 0.0, 0.0, -1.0, -0.10000000149011612, 0.0]
13.8364169598,[0.7200000286102295, -0.8299999833106995, 0.0, 0.0, -1.0, -0.17000000178813934, 0.0]
13.8751199245,[0.5600000023841858, -0.8399999737739563, 0.0, 0.0, -1.0, -0.3199999928474426, 0.0]
13.9147920609,[0.25999999046325684, -0.6100000143051147, 0.0, 0.0, -1.0, -0.47999998927116394, 0.0]
13.9552829266,[0.0, -0.25999999046325684, 0.0, 0.0, -0.9599999785423279, -0.6100000143051147, 0.0]
13.996065855,[-0.05999999865889549, -0.12999999523162842, 0.0, 0.0, -0.8899999856948853, -0.7400000095367432, 0.0]
14.0368878841,[-0.10000000149011612, -0.07000000029802322, 0.0, 0.0, -0.7799999713897705, -0.8500000238418579, 0.0]
14.0751149654,[-0.14000000059604645, -0.019999999552965164, 0.0, 0.0, -0.7099999785423279, -0.9100000262260437, 0.0]
14.1167368889,[-0.17000000178813934, 0.0, 0.0, 0.0, -0.6100000143051147, -0.9700000286102295, 0.0]
14.155025959,[-0.23000000417232513, 0.0, 0.0, 0.0, -0.46000000834465027, -1.0, 0.0]
14.1939809322,[-0.36000001430511475, 0.07000000029802322, 0.0, 0.0, -0.25, -1.0, 0.0]
14.2355940342,[-0.5099999904632568, 0.14000000059604645, 0.0, 0.0, -0.07000000029802322, -1.0, 0.0]
14.2760279179,[-0.5899999737739563, 0.1899999976158142, 0.0, 0.0, 0.10000000149011612, -1.0, 0.0]
14.3165960312,[-0.6100000143051147, 0.2199999988079071, 0.0, 0.0, 0.3499999940395355, -1.0, 0.0]
14.3555538654,[-0.6200000047683716, 0.25, 0.0, 0.0, 0.49000000953674316, -0.9300000071525574, 0.0]
14.4009070396,[-0.6200000047683716, 0.25, 0.0, 0.0, 0.6800000071525574, -0.7900000214576721, 0.0]
14.4359529018,[-0.6200000047683716, 0.25, 0.0, 0.0, 0.8199999928474426, -0.6600000262260437, 0.0]
14.4745419025,[-0.5899999737739563, 0.23000000417232513, 0.0, 0.0, 0.9300000071525574, -0.5299999713897705, 0.0]
14.5156559944,[-0.5400000214576721, 0.15000000596046448, 0.0, 0.0, 0.9900000095367432, -0.3700000047683716, 0.0]
14.5556099415,[-0.5, 0.07999999821186066, 0.0, 0.0, 0.9900000095367432, -0.33000001311302185, 0.0]
14.5976939201,[-0.44999998807907104, 0.0, 0.0, 0.0, 0.9900000095367432, -0.33000001311302185, 0.0]
14.6372990608,[-0.3799999952316284, 0.0, 0.0, 0.0, 0.9900000095367432, -0.3199999928474426, 0.0]
14.67572999,[-0.36000001430511475, 0.0, 0.0, 0.0, 0.9900000095367432, -0.2800000011920929, 0.0]
14.7146840096,[-0.3700000047683716, -0.029999999329447746, 0.0, 0.0, 0.9900000095367432, -0.1599999964237213, 0.0]
14.7550730705,[-0.3700000047683716, -0.07000000029802322, 0.0, 0.0, 0.9900000095367432, -0.14000000059604645, 0.0]
14.7953119278,[-0.3700000047683716, -0.10000000149011612, 0.0, 0.0, 0.9900000095367432, -0.12999999523162842, 0.0]
14.8352310658,[-0.36000001430511475, -0.12999999523162842, 0.0, 0.0, 0.9900000095367432, -0.10000000149011612, 0.0]
14.878510952,[-0.3499999940395355, -0.15000000596046448, 0.0, 0.0, 0.9900000095367432, -0.07000000029802322, 0.0]
14.9156289101,[-0.36000001430511475, -0.17000000178813934, 0.0, 0.0, 0.9900000095367432, -0.07000000029802322, 0.0]
14.9549548626,[-0.36000001430511475, -0.17000000178813934, 0.0, 0.0, 0.9900000095367432, -0.07000000029802322, 0.0]
14.995169878,[-0.36000001430511475, -0.17000000178813934, 0.0, 0.0, 0.9900000095367432, -0.05999999865889549, 0.0]
15.0352420807,[-0.36000001430511475, -0.17000000178813934, 0.0, 0.0, 0.9900000095367432, -0.05999999865889549, 0.0]
15.0759129524,[-0.3499999940395355, -0.18000000715255737, 0.0, 0.0, 0.9900000095367432, -0.07000000029802322, 0.0]
15.115664959,[-0.36000001430511475, -0.17000000178813934, 0.0, 0.0, 0.9900000095367432, -0.05999999865889549, 0.0]
15.1567490101,[-0.36000001430511475, -0.17000000178813934, 0.0, 0.0, 0.9900000095367432, -0.05999999865889549, 0.0]
15.1960730553,[-0.36000001430511475, -0.17000000178813934, 0.0, 0.0, 0.9900000095367432, -0.05999999865889549, 0.0]
15.2357099056,[-0.3499999940395355, -0.17000000178813934, 0.0, 0.0, 0.9900000095367432, -0.07000000029802322, 0.0]
15.2749729156,[-0.3499999940395355, -0.17000000178813934, 0.0, 0.0, 0.9900000095367432, -0.07000000029802322, 0.0]
15.3198940754,[-0.3400000035762787, -0.17000000178813934, 0.0, 0.0, 0.9900000095367432, -0.05999999865889549, 0.0]
15.3545310497,[-0.3199999928474426, -0.17000000178813934, 0.0, 0.0, 0.9900000095367432, -0.05999999865889549, 0.0]
15.3948428631,[-0.3199999928474426, -0.17000000178813934, 0.0, 0.0, 0.9900000095367432, -0.03999999910593033, 0.0]
15.4366440773,[-0.3199999928474426, -0.1899999976158142, 0.0, 0.0, 0.9900000095367432, 0.0, 0.0]
15.4788520336,[-0.3199999928474426, -0.1899999976158142, 0.0, 0.0, 0.9900000095367432, 0.0, 0.0]
15.5153439045,[-0.3199999928474426, -0.1899999976158142, 0.0, 0.0, 0.9900000095367432, 0.0, 0.0]
15.5550079346,[-0.3199999928474426, -0.20000000298023224, 0.0, 0.0, 0.9900000095367432, 0.05999999865889549, 0.0]
15.5945138931,[-0.3199999928474426, -0.20000000298023224, 0.0, 0.0, 0.9900000095367432, 0.07000000029802322, 0.0]
15.636245966,[-0.3100000023841858, -0.20000000298023224, 0.0, 0.0, 0.9900000095367432, 0.10000000149011612, 0.0]
15.6748049259,[-0.3100000023841858, -0.20000000298023224, 0.0, 0.0, 0.9900000095367432, 0.11999999731779099, 0.0]
15.715280056,[-0.3199999928474426, -0.20000000298023224, 0.0, 0.0, 0.9900000095367432, 0.14000000059604645, 0.0]
15.7547838688,[-0.3199999928474426, -0.20000000298023224, 0.0, 0.0, 0.9900000095367432, 0.1599999964237213, 0.0]
15.7955830097,[-0.3199999928474426, -0.20000000298023224, 0.0, 0.0, 0.9900000095367432, 0.17000000178813934, 0.0]
15.8361530304,[-0.3100000023841858, -0.20999999344348907, 0.0, 0.0, 0.9900000095367432, 0.18000000715255737, 0.0]
15.8746869564,[-0.28999999165534973, -0.20000000298023224, 0.0, 0.0, 0.9900000095367432, 0.20999999344348907, 0.0]
15.9156880379,[-0.2800000011920929, -0.20000000298023224, 0.0, 0.0, 0.9900000095367432, 0.2199999988079071, 0.0]
15.9563469887,[-0.25, -0.20000000298023224, 0.0, 0.0, 0.9900000095367432, 0.25, 0.0]
15.9949839115,[-0.23999999463558197, -0.20000000298023224, 0.0, 0.0, 0.9900000095367432, 0.28999999165534973, 0.0]
16.0366609097,[-0.20999999344348907, -0.17000000178813934, 0.0, 0.0, 0.9900000095367432, 0.30000001192092896, 0.0]
16.0747990608,[-0.18000000715255737, -0.10999999940395355, 0.0, 0.0, 0.9900000095367432, 0.3199999928474426, 0.0]
16.1164729595,[-0.17000000178813934, -0.10000000149011612, 0.0, 0.0, 0.9900000095367432, 0.3199999928474426, 0.0]
16.1560270786,[-0.1599999964237213, -0.09000000357627869, 0.15000000596046448, 0.0, 0.9900000095367432, 0.33000001311302185, 0.0]
16.1951630116,[-0.15000000596046448, -0.07999999821186066, 0.41999998688697815, 0.0, 0.9900000095367432, 0.33000001311302185, 0.0]
16.2352850437,[-0.14000000059604645, -0.07999999821186066, 0.6399999856948853, 0.0, 0.9900000095367432, 0.3199999928474426, 0.0]
16.275053978,[-0.14000000059604645, -0.07000000029802322, 0.7599999904632568, 0.0, 0.9900000095367432, 0.33000001311302185, 0.0]
16.315073967,[-0.14000000059604645, -0.07000000029802322, 0.8500000238418579, 0.0, 0.9900000095367432, 0.3499999940395355, 0.0]
16.3562159538,[-0.14000000059604645, -0.07000000029802322, 0.8500000238418579, 0.0, 0.9900000095367432, 0.36000001430511475, 0.0]
16.394108057,[-0.14000000059604645, -0.05999999865889549, 0.9399999976158142, 0.0, 0.9900000095367432, 0.36000001430511475, 0.0]
16.4361720085,[-0.12999999523162842, -0.07000000029802322, 0.9599999785423279, 0.0, 0.9900000095367432, 0.3499999940395355, 0.0]
16.4741239548,[-0.14000000059604645, -0.05999999865889549, 0.9599999785423279, 0.0, 0.9900000095367432, 0.36000001430511475, 0.0]
16.5159289837,[-0.14000000059604645, -0.05999999865889549, 0.9599999785423279, 0.0, 0.9900000095367432, 0.36000001430511475, 0.0]
16.5632500648,[-0.14000000059604645, -0.05999999865889549, 0.9599999785423279, 0.0, 0.9900000095367432, 0.36000001430511475, 0.0]
16.5960679054,[-0.10999999940395355, -0.05999999865889549, 0.8899999856948853, 0.0, 0.9900000095367432, 0.3499999940395355, 0.0]
16.6345279217,[-0.10999999940395355, -0.05999999865889549, 0.7799999713897705, 0.0, 0.9900000095367432, 0.3499999940395355, 0.0]
16.6753680706,[-0.10999999940395355, -0.03999999910593033, 0.800000011920929, 0.0, 0.9900000095367432, 0.38999998569488525, 0.0]
16.7153389454,[-0.09000000357627869, -0.029999999329447746, 0.8299999833106995, 0.0, 0.9900000095367432, 0.38999998569488525, 0.0]
16.7540268898,[-0.07000000029802322, -0.009999999776482582, 0.8299999833106995, 0.0, 0.9900000095367432, 0.38999998569488525, 0.0]
16.7949769497,[0.0, 0.0, 0.5099999904632568, 0.0, 0.9900000095367432, 0.4000000059604645, 0.0]
16.8350310326,[0.0, 0.0, 0.0, 0.0, 0.9900000095367432, 0.4099999964237213, 0.0]
16.8757920265,[0.0, 0.0, 0.0, 0.36000001430511475, 0.9900000095367432, 0.4300000071525574, 0.0]
16.9191908836,[0.0, 0.0, 0.0, 0.38999998569488525, 0.9900000095367432, 0.4300000071525574, 0.0]
16.9562828541,[0.0, 0.0, 0.0, 0.3499999940395355, 0.9900000095367432, 0.4300000071525574, 0.0]
16.9957509041,[0.0, 0.0, 0.0, 0.20000000298023224, 0.9900000095367432, 0.41999998688697815, 0.0]
17.0351769924,[0.0, 0.0, 0.0, 0.1899999976158142, 0.9900000095367432, 0.4399999976158142, 0.0]
17.0746898651,[0.0, 0.0, 0.0, 0.18000000715255737, 0.9800000190734863, 0.44999998807907104, 0.0]
17.1150019169,[0.0, 0.0, 0.0, 0.18000000715255737, 0.9800000190734863, 0.44999998807907104, 0.0]
17.1541810036,[0.0, 0.0, 0.0, 0.23000000417232513, 0.9800000190734863, 0.44999998807907104, 0.0]
17.1960279942,[0.0, 0.0, 0.0, 0.2800000011920929, 0.9800000190734863, 0.4399999976158142, 0.0]
17.2358958721,[0.0, 0.0, 0.0, 0.4699999988079071, 0.9800000190734863, 0.44999998807907104, 0.0]
17.273993969,[0.0, 0.0, 0.0, 0.6200000047683716, 0.9599999785423279, 0.46000000834465027, 0.0]
17.3151328564,[0.0, 0.0, 0.0, 0.6200000047683716, 0.9599999785423279, 0.4699999988079071, 0.0]
17.3562419415,[0.0, 0.0, 0.0, 0.699999988079071, 0.9599999785423279, 0.4699999988079071, 0.0]
17.3948540688,[0.0, 0.0, 0.0, 0.800000011920929, 0.9599999785423279, 0.46000000834465027, 0.0]
17.4357838631,[0.0, 0.0, 0.0, 0.8899999856948853, 0.9599999785423279, 0.4699999988079071, 0.0]
17.4743070602,[0.0, 0.0, 0.0, 0.9900000095367432, 0.949999988079071, 0.49000000953674316, 0.0]
17.5163528919,[0.0, 0.0, 0.0, 0.9900000095367432, 0.9399999976158142, 0.5, 0.0]
17.5544610023,[0.0, 0.0, 0.0, 0.9900000095367432, 0.9399999976158142, 0.5, 0.0]
17.5955438614,[0.0, 0.0, 0.0, 0.9900000095367432, 0.9399999976158142, 0.5, 0.0]
17.6336650848,[0.0, 0.0, 0.0, 0.9900000095367432, 0.9399999976158142, 0.5, 0.0]
17.6743030548,[0.0, 0.0, 0.0, 0.9900000095367432, 0.9399999976158142, 0.5, 0.0]
17.7158250809,[0.0, 0.0, 0.0, 0.9900000095367432, 0.9399999976158142, 0.5, 0.0]
17.7552690506,[0.0, 0.0, 0.0, 0.9900000095367432, 0.9399999976158142, 0.5, 0.0]
17.7945508957,[0.0, 0.0, 0.0, 0.9900000095367432, 0.9399999976158142, 0.5, 0.0]
17.8353040218,[0.0, 0.0, 0.0, 0.9900000095367432, 0.9399999976158142, 0.5, 0.0]
17.8748800755,[0.0, 0.0, 0.0, 0.9900000095367432, 0.9399999976158142, 0.5, 0.0]
17.9151818752,[0.0, 0.0, 0.0, 0.9900000095367432, 0.9399999976158142, 0.5, 0.0]
17.9561190605,[0.0, 0.0, 0.0, 0.9900000095367432, 0.9399999976158142, 0.5, 0.0]
17.9954419136,[0.0, 0.0, 0.0, 0.9900000095367432, 0.9399999976158142, 0.49000000953674316, 0.0]
18.0361089706,[0.0, 0.0, 0.0, 0.9900000095367432, 0.9399999976158142, 0.5, 0.0]
18.0743839741,[0.0, 0.0, 0.0, 0.9900000095367432, 0.9399999976158142, 0.5099999904632568, 0.0]
18.1157939434,[0.0, 0.0, 0.0, 0.9900000095367432, 0.20999999344348907, 0.18000000715255737, 0.0]
18.155328989,[0.0, 0.0, 0.0, 0.9700000286102295, 0.0, 0.0, 0.0]
18.1942079067,[0.0, 0.0, 0.0, 0.0, 0.0, 0.0, 0.0]
18.2345199585,[0.0, 0.0, 0.0, 0.0, 0.0, 0.0, 0.0]
18.2748429775,[0.0, 0.0, 0.0, 0.0, 0.0, 0.0, 0.0]
18.3152239323,[0.0, 0.0, 0.0, 0.0, 0.0, 0.0, 0.0]
18.355659008,[0.0, 0.0, 0.0, 0.0, 0.0, 0.0, 0.0]
18.3947379589,[0.0, 0.0, 0.0, 0.0, 0.0, 0.0, 0.0]
18.4360918999,[0.0, 0.0, 0.0, 0.0, 0.0, 0.0, 0.0]
18.4746360779,[0.0, 0.0, 0.0, -0.20999999344348907, 0.0, 0.0, 0.0]
18.5151228905,[0.0, 0.0, 0.0, -0.9900000095367432, 0.0, 0.0, 0.0]
18.5550858974,[0.0, 0.0, 0.0, -0.9900000095367432, 0.0, 0.0, 0.0]
18.5949058533,[0.0, 0.0, 0.0, -0.9900000095367432, 0.0, 0.0, 0.0]
18.6365740299,[0.0, 0.0, 0.0, -0.9900000095367432, 0.0, 0.0, 0.0]
18.6739258766,[0.0, 0.0, 0.0, -0.9900000095367432, 0.0, 0.0, 0.0]
18.72073102,[0.0, 0.0, 0.0, -0.9900000095367432, 0.0, 0.0, 0.0]
18.755398035,[0.0, 0.0, 0.0, -0.9900000095367432, 0.0, 0.0, 0.0]
18.7952480316,[0.0, 0.0, 0.0, -0.9900000095367432, 0.0, 0.0, 0.0]
18.83720994,[0.0, 0.0, 0.0, -0.9900000095367432, 0.0, 0.0, 0.0]
18.8747220039,[0.0, 0.0, 0.0, -0.9900000095367432, 0.0, 0.0, 0.0]
18.9146828651,[0.0, 0.0, 0.0, -0.9900000095367432, 0.0, 0.0, 0.0]
18.9569950104,[0.0, 0.0, 0.0, -0.9900000095367432, 0.0, 0.0, 0.0]
18.9962799549,[0.0, 0.0, 0.0, -0.9900000095367432, 0.0, 0.0, 0.0]
19.034594059,[0.0, 0.0, 0.0, -0.9900000095367432, 0.0, 0.0, 0.0]
19.0741419792,[0.0, 0.0, 0.0, -0.9900000095367432, 0.0, 0.0, 0.0]
19.1147558689,[0.0, 0.0, 0.0, -0.9900000095367432, 0.0, 0.0, 0.0]
19.1541590691,[0.0, 0.0, 0.0, -0.9900000095367432, 0.0, 0.0, 0.0]
19.1960608959,[0.0, 0.0, 0.0, -0.9900000095367432, 0.0, 0.0, 0.0]
19.2358560562,[0.0, 0.0, 0.0, -0.9900000095367432, 0.0, 0.0, 0.0]
19.2745990753,[0.0, 0.0, 0.0, -0.9900000095367432, 0.0, 0.0, 0.0]
19.3154189587,[0.0, 0.0, 0.0, -0.9900000095367432, -0.09000000357627869, -0.10999999940395355, 0.0]
19.3546729088,[0.0, 0.0, 0.0, -0.9900000095367432, -0.3199999928474426, -0.30000001192092896, 0.0]
19.3953289986,[0.0, 0.0, 0.0, -0.9900000095367432, -0.41999998688697815, -0.47999998927116394, 0.0]
19.4383039474,[0.0, 0.0, 0.0, -0.9900000095367432, -0.46000000834465027, -0.5600000023841858, 0.0]
19.4749469757,[0.0, 0.0, 0.0, -0.9900000095367432, -0.4699999988079071, -0.5699999928474426, 0.0]
19.5149159431,[0.0, 0.0, 0.0, -0.9900000095367432, -0.46000000834465027, -0.5699999928474426, 0.0]
19.5551140308,[0.0, 0.0, 0.0, -0.9900000095367432, -0.47999998927116394, -0.5699999928474426, 0.0]
19.5946550369,[0.0, 0.0, 0.0, -0.9900000095367432, -0.47999998927116394, -0.5699999928474426, 0.0]
19.634832859,[0.0, 0.0, 0.0, -0.9900000095367432, -0.47999998927116394, -0.5699999928474426, 0.0]
19.6751520634,[0.0, 0.0, 0.0, -0.9900000095367432, -0.5, -0.5699999928474426, 0.0]
19.7161269188,[0.0, 0.0, 0.0, -0.9900000095367432, -0.49000000953674316, -0.5899999737739563, 0.0]
19.7558460236,[0.0, 0.0, 0.0, -0.9900000095367432, -0.5, -0.5899999737739563, 0.0]
19.7972688675,[0.0, 0.0, 0.0, -0.9900000095367432, -0.5, -0.6100000143051147, 0.0]
19.8359940052,[0.0, 0.0, 0.0, -0.9900000095367432, -0.5199999809265137, -0.6700000166893005, 0.0]
19.8755729198,[0.0, 0.0, 0.0, -0.9900000095367432, -0.5299999713897705, -0.7099999785423279, 0.0]
19.9162790775,[0.0, 0.0, 0.0, -0.9900000095367432, -0.5199999809265137, -0.7200000286102295, 0.0]
19.9545810223,[0.0, 0.0, 0.0, -0.9900000095367432, -0.5199999809265137, -0.7400000095367432, 0.0]
19.9939570427,[0.0, 0.0, 0.0, -0.9900000095367432, -0.5299999713897705, -0.7699999809265137, 0.0]
20.0352730751,[0.0, 0.0, 0.0, -0.9900000095367432, -0.5299999713897705, -0.800000011920929, 0.0]
20.0795998573,[0.0, 0.0, 0.0, -0.9900000095367432, -0.5299999713897705, -0.8199999928474426, 0.0]
20.1173570156,[0.0, 0.0, 0.0, -0.9900000095367432, -0.5199999809265137, -0.8500000238418579, 0.0]
20.155864954,[0.0, 0.0, 0.0, -0.9900000095367432, -0.5299999713897705, -0.8600000143051147, 0.0]
20.1949448586,[0.0, 0.0, 0.0, -0.9900000095367432, -0.5299999713897705, -0.8899999856948853, 0.0]
20.2370069027,[0.0, 0.0, 0.0, -0.9900000095367432, -0.5299999713897705, -0.9200000166893005, 0.0]
20.2754230499,[0.0, 0.0, 0.0, -0.9900000095367432, -0.5099999904632568, -0.9599999785423279, 0.0]
20.3150968552,[0.0, 0.0, 0.0, -0.9900000095367432, -0.4699999988079071, -1.0, 0.0]
20.3563010693,[0.0, 0.0, 0.0, -0.9900000095367432, -0.46000000834465027, -1.0, 0.0]
20.3981158733,[0.0, 0.0, 0.0, -0.9900000095367432, -0.41999998688697815, -1.0, 0.0]
20.4367249012,[0.0, 0.0, 0.0, -0.9900000095367432, -0.4099999964237213, -1.0, 0.0]
20.4745879173,[0.0, 0.0, 0.0, -0.9900000095367432, -0.3799999952316284, -1.0, 0.0]
20.5156478882,[0.0, 0.0, 0.0, -0.9900000095367432, -0.3700000047683716, -1.0, 0.0]
20.5548689365,[0.0, 0.0, 0.0, -0.9900000095367432, -0.3799999952316284, -1.0, 0.0]
20.5940210819,[0.0, 0.0, 0.0, -0.9900000095367432, -0.3799999952316284, -1.0, 0.0]
20.6354999542,[0.0, 0.0, 0.0, -0.9900000095367432, -0.3799999952316284, -1.0, 0.0]
20.6766529083,[0.0, 0.0, 0.0, -0.9900000095367432, -0.3700000047683716, -1.0, 0.0]
20.7172870636,[0.0, 0.0, 0.0, -0.9900000095367432, -0.3700000047683716, -1.0, 0.0]
20.7548408508,[0.0, 0.0, 0.0, -0.9900000095367432, -0.3799999952316284, -1.0, 0.0]
20.7947840691,[0.0, 0.0, 0.0, -0.9900000095367432, -0.3799999952316284, -1.0, 0.0]
20.8408379555,[0.0, 0.0, 0.0, -0.9900000095367432, -0.3799999952316284, -1.0, 0.0]
20.8738529682,[0.0, 0.0, 0.0, -0.9900000095367432, -0.36000001430511475, -1.0, 0.0]
20.9141988754,[0.0, 0.0, 0.0, 0.9300000071525574, -0.3499999940395355, -0.9900000095367432, 0.0]
20.9556288719,[0.0, 0.0, 0.0, 0.7799999713897705, -0.33000001311302185, -0.8899999856948853, 0.0]
20.9953799248,[0.0, 0.0, 0.0, 0.550000011920929, -0.27000001072883606, -0.7900000214576721, 0.0]
21.0352540016,[0.0, 0.0, 0.0, 0.3400000035762787, -0.20000000298023224, -0.6899999976158142, 0.0]
21.0746810436,[0.0, 0.0, 0.0, 0.11999999731779099, -0.14000000059604645, -0.6000000238418579, 0.0]
21.1144530773,[0.0, 0.0, 0.0, 0.0, -0.10999999940395355, -0.4399999976158142, 0.0]
21.1549060345,[0.0, 0.0, 0.0, 0.0, -0.10000000149011612, -0.3400000035762787, 0.0]
21.19409585,[0.0, 0.0, 0.0, 0.0, -0.10000000149011612, -0.33000001311302185, 0.0]
21.2377460003,[0.0, 0.0, 0.0, 0.0, -0.10000000149011612, -0.3199999928474426, 0.0]
21.2744019032,[0.0, 0.0, 0.0, 0.0, -0.10000000149011612, -0.27000001072883606, 0.0]
21.3195450306,[0.0, 0.0, 0.0, 0.0, 0.0, 0.0, 0.0]
21.3544368744,[0.0, 0.0, 0.0, 0.0, 0.0, 0.0, 0.0]
21.3947479725,[0.0, 0.0, 0.0, 0.0, 0.0, 0.0, 0.0]
21.4346158504,[0.0, 0.0, 0.0, 0.0, 0.0, 0.0, -1.0]
21.4772028923,[0.0, 0.0, 0.0, 0.0, 0.0, 0.0, -1.0]
21.5139160156,[0.0, 0.0, 0.0, 0.0, 0.0, 0.0, -1.0]
21.5547289848,[0.0, 0.0, 0.0, 0.0, 0.0, 0.0, -1.0]
21.6020190716,[0.0, 0.0, 0.0, 0.0, 0.0, 0.0, -1.0]
21.6347179413,[0.0, 0.0, 0.0, 0.0, 0.0, 0.0, -1.0]
21.6752378941,[0.0, 0.0, 0.0, 0.0, 0.0, 0.0, 0.0]
21.7148580551,[0.0, 0.0, 0.0, 0.0, 0.0, 0.0, 0.0]
21.7569539547,[0.0, 0.0, 0.0, 0.0, 0.0, 0.0, 0.0]
21.7951340675,[0.0, 0.0, 0.0, 0.0, 0.0, 0.0, 0.0]
21.8354420662,[0.0, 0.0, 0.0, 0.0, 0.0, 0.0, 0.0]
21.8746740818,[0.0, 0.0, 0.0, 0.0, 0.0, 0.0, 0.0]
21.9161028862,[0.0, 0.0, 0.0, 0.0, 0.0, 0.0, 1.0]
21.9551799297,[0.0, 0.0, 0.0, 0.0, 0.0, 0.0, 1.0]
21.995251894,[0.0, 0.0, 0.0, 0.0, 0.0, 0.0, 1.0]
22.0362129211,[0.0, 0.0, 0.0, 0.0, 0.0, 0.0, 1.0]
22.0741450787,[0.0, 0.0, 0.0, 0.0, 0.0, 0.0, 1.0]
22.1137430668,[0.0, 0.0, 0.0, 0.0, 0.0, 0.0, 1.0]
22.1551918983,[0.0, 0.0, 0.0, 0.0, 0.0, 0.0, 1.0]
22.1970858574,[0.0, 0.0, 0.0, 0.0, 0.0, 0.0, 1.0]
22.2359449863,[0.0, 0.0, 0.0, 0.0, 0.0, 0.0, 0.0]
22.2750160694,[0.0, 0.0, 0.0, 0.0, 0.0, 0.0, 0.0]
22.3147749901,[0.0, 0.0, 0.0, 0.0, 0.0, 0.0, 0.0]
22.3561909199,[0.0, 0.0, 0.0, 0.0, 0.0, 0.0, 0.0]
22.3945829868,[0.0, 0.0, 0.0, 0.0, 0.0, 0.0, 0.0]
22.4352128506,[0.0, 0.0, 0.0, 0.0, 0.0, 0.0, 0.0]
22.4764249325,[0.0, 0.0, 0.0, 0.0, 0.0, 0.0, -1.0]
22.5152318478,[0.0, 0.0, 0.0, 0.0, 0.0, 0.0, -1.0]
22.5559659004,[0.0, 0.0, 0.0, 0.0, 0.0, 0.0, -1.0]
22.5955610275,[0.0, 0.0, 0.0, 0.0, 0.0, 0.0, -1.0]
22.6353569031,[0.0, 0.0, 0.0, 0.0, 0.0, 0.0, 0.0]
22.6745679379,[0.0, 0.0, 0.0, 0.0, 0.0, 0.0, 0.0]
22.7146999836,[0.0, 0.0, 0.0, 0.0, 0.0, 0.0, 0.0]
22.7551128864,[0.0, 0.0, 0.0, 0.0, 0.0, 0.0, 0.0]
22.7978658676,[0.0, 0.0, 0.0, 0.0, 0.0, 0.0, 0.0]
22.8361530304,[0.0, 0.0, 0.0, 0.0, 0.0, 0.0, 0.0]
22.875469923,[0.0, 0.0, 0.0, 0.0, 0.0, 0.0, 0.0]
22.9149720669,[0.0, 0.0, 0.0, 0.0, 0.0, 0.0, 1.0]
22.9581809044,[0.0, 0.0, 0.0, 0.0, 0.0, 0.0, 1.0]
22.9951760769,[0.0, 0.0, 0.0, 0.0, 0.0, 0.0, 1.0]
23.0369269848,[0.0, 0.0, 0.0, 0.0, 0.0, 0.0, 1.0]
23.074518919,[0.0, 0.0, 0.0, 0.0, 0.0, 0.0, 1.0]
23.1175730228,[0.0, 0.0, 0.0, 0.0, 0.0, 0.0, 1.0]
23.1539928913,[0.0, 0.0, 0.0, 0.0, 0.0, 0.0, 1.0]
23.1944420338,[0.0, 0.0, 0.0, 0.0, 0.0, 0.0, 0.0]
23.242702961,[0.0, 0.0, 0.0, 0.0, 0.0, 0.0, 0.0]
23.2749750614,[0.0, 0.0, 0.0, 0.0, 0.0, 0.0, 0.0]
23.315392971,[0.0, 0.0, 0.0, 0.0, 0.0, 0.0, 0.0]
23.354749918,[0.0, 0.0, 0.0, 0.0, 0.0, 0.0, 0.0]
23.396048069,[0.0, 0.0, 0.0, 0.0, 0.2800000011920929, 0.0, 0.0]
23.4361510277,[0.0, 0.0, 0.0, 0.0, 0.8899999856948853, 0.17000000178813934, 0.0]
23.4744770527,[0.0, 0.0, 0.0, 0.0, 0.9900000095367432, 0.23000000417232513, 0.0]
23.5147349834,[0.0, 0.0, 0.0, 0.0, 0.9900000095367432, 0.2199999988079071, 0.0]
23.5589249134,[0.0, 0.0, 0.0, 0.0, 0.9900000095367432, 0.2199999988079071, 0.0]
23.5947599411,[0.0, 0.0, 0.0, 0.0, 0.9800000190734863, 0.18000000715255737, 0.0]
23.6347248554,[0.0, 0.0, 0.0, 0.0, 0.0, 0.0, 0.0]
23.6746630669,[0.0, 0.0, 0.0, 0.0, 0.0, 0.0, 0.0]
23.7168040276,[0.0, 0.0, 0.0, 0.0, 0.0, 0.0, 0.0]
23.7552130222,[0.0, -0.09000000357627869, 0.0, 0.0, 0.0, 0.0, 0.0]
23.79500103,[0.0, -0.25, 0.0, 0.0, 0.0, 0.019999999552965164, 0.0]
23.8346779346,[0.0, -0.3199999928474426, 0.0, 0.0, 0.0, 0.15000000596046448, 0.0]
23.8757078648,[0.0, -0.3499999940395355, 0.0, 0.0, 0.10000000149011612, 0.550000011920929, 0.0]
23.9148058891,[-0.019999999552965164, -0.36000001430511475, 0.0, 0.0, 0.38999998569488525, 0.9900000095367432, 0.0]
23.9575638771,[-0.029999999329447746, -0.36000001430511475, 0.0, 0.0, 0.38999998569488525, 0.9900000095367432, 0.0]
23.9953570366,[-0.03999999910593033, -0.3799999952316284, 0.0, 0.0, 0.4000000059604645, 0.9900000095367432, 0.0]
24.037307024,[-0.05000000074505806, -0.3799999952316284, 0.0, 0.0, 0.38999998569488525, 0.9900000095367432, 0.0]
24.0755720139,[-0.05999999865889549, -0.38999998569488525, 0.0, 0.0, 0.38999998569488525, 0.9900000095367432, 0.0]
24.1161129475,[-0.07000000029802322, -0.5199999809265137, 0.0, 0.0, 0.23000000417232513, 0.9900000095367432, 0.0]
24.1555640697,[-0.07000000029802322, -0.5699999928474426, 0.0, 0.0, 0.03999999910593033, 0.9900000095367432, 0.0]
24.1956479549,[-0.07000000029802322, -0.6100000143051147, 0.0, 0.0, -0.029999999329447746, 0.9900000095367432, 0.0]
24.234967947,[-0.07000000029802322, -0.6299999952316284, 0.0, 0.0, -0.33000001311302185, 0.8799999952316284, 0.0]
24.2757239342,[-0.07999999821186066, -0.6399999856948853, 0.0, 0.0, -0.7099999785423279, 0.46000000834465027, 0.0]
24.3150248528,[-0.10000000149011612, -0.6499999761581421, 0.0, 0.0, -0.9399999976158142, 0.23000000417232513, 0.0]
24.3579668999,[-0.10000000149011612, -0.6499999761581421, 0.0, 0.0, -1.0, 0.1599999964237213, 0.0]
24.3947610855,[-0.07999999821186066, -0.6499999761581421, 0.0, 0.0, -1.0, 0.029999999329447746, 0.0]
24.4359600544,[-0.09000000357627869, -0.6499999761581421, 0.0, 0.0, -0.6600000262260437, 0.0, 0.0]
24.4741280079,[-0.09000000357627869, -0.6399999856948853, 0.0, 0.0, 0.0, 0.0, 0.0]
24.5187249184,[-0.07999999821186066, -0.5099999904632568, 0.0, 0.0, 0.0, 0.0, 0.0]
24.5556600094,[-0.07000000029802322, -0.4399999976158142, 0.0, 0.0, 0.0, 0.0, 0.0]
24.5942208767,[-0.07000000029802322, -0.44999998807907104, 0.0, 0.0, 0.0, 0.0, 0.0]
24.6353490353,[-0.07000000029802322, -0.4399999976158142, 0.0, 0.0, 0.0, 0.0, 0.0]
24.6744830608,[-0.07000000029802322, -0.4399999976158142, 0.0, 0.0, 0.0, 0.0, 0.0]
24.714179039,[-0.07000000029802322, -0.4399999976158142, 0.0, 0.0, 0.0, 0.0, 0.0]
24.7546389103,[-0.07000000029802322, -0.44999998807907104, 0.0, 0.0, 0.0, 0.0, 0.0]
24.7970368862,[-0.07000000029802322, -0.44999998807907104, 0.0, 0.0, 0.0, 0.0, 0.0]
24.8363778591,[-0.07000000029802322, -0.4399999976158142, 0.0, 0.0, 0.0, 0.0, 0.0]
24.8746619225,[-0.07000000029802322, -0.4399999976158142, 0.0, 0.0, 0.0, 0.0, 0.0]
24.9148759842,[-0.07000000029802322, -0.4399999976158142, 0.0, 0.0, 0.0, 0.0, 0.0]
24.9551699162,[-0.07000000029802322, -0.44999998807907104, 0.0, 0.0, 0.0, 0.0, 0.0]
24.9939830303,[-0.07000000029802322, -0.4399999976158142, 0.0, 0.0, 0.0, 0.0, 0.0]
25.0353569984,[-0.019999999552965164, -0.3799999952316284, 0.0, 0.0, 0.0, 0.0, 0.0]
25.0899879932,[0.0, -0.25999999046325684, 0.0, 0.0, 0.0, 0.0, 0.0]
25.1156439781,[0.0, 0.0, 0.0, 0.0, 0.0, 0.0, 0.0]
25.1559009552,[0.0, 0.0, 0.0, 0.0, 0.029999999329447746, 0.0, 0.0]
25.1948189735,[0.0, 0.0, 0.0, 0.0, 0.28999999165534973, 0.0, 0.0]
25.2337789536,[0.0, 0.0, 0.0, 0.0, 0.6800000071525574, 0.0, 0.0]
25.2745928764,[0.0, 0.0, 0.0, 0.0, 0.9900000095367432, 0.05999999865889549, 0.0]
25.3153619766,[0.0, 0.0, 0.0, 0.0, 0.9900000095367432, 0.07999999821186066, 0.0]
25.3550388813,[0.0, 0.0, 0.0, 0.0, 0.9900000095367432, 0.07999999821186066, 0.0]
25.395911932,[0.0, 0.0, 0.0, 0.0, 0.9900000095367432, 0.07000000029802322, 0.0]
25.4350318909,[0.0, 0.0, 0.0, 0.0, 0.9900000095367432, 0.07999999821186066, 0.0]
25.4747638702,[0.0, 0.0, 0.0, 0.0, 0.9900000095367432, 0.07999999821186066, 0.0]
25.5156018734,[0.0, 0.0, 0.0, 0.0, 0.9900000095367432, 0.07999999821186066, 0.0]
25.5561800003,[0.0, 0.0, 0.0, 0.0, 0.9900000095367432, 0.07000000029802322, 0.0]
25.5953578949,[0.0, 0.0, 0.0, 0.0, 0.9900000095367432, 0.07000000029802322, 0.0]
25.6358439922,[0.0, 0.0, 0.0, 0.0, 0.9900000095367432, 0.05000000074505806, 0.0]
25.6744668484,[0.0, 0.0, 0.0, 0.0, 0.0, 0.0, 0.0]
25.7158930302,[0.0, 0.0, 0.0, 0.0, 0.0, 0.0, 0.0]
25.7558860779,[0.0, 0.0, 0.0, 0.0, -0.029999999329447746, 0.0, 0.0]
25.7947530746,[0.0, 0.0, 0.0, 0.0, -0.07000000029802322, 0.0, 0.0]
25.8339080811,[0.0, 0.0, 0.0, 0.0, -0.1599999964237213, 0.0, 0.0]
25.8749358654,[0.0, 0.0, 0.0, 0.0, -0.41999998688697815, 0.0, 0.0]
25.9152429104,[0.0, 0.0, 0.0, 0.0, -0.6800000071525574, 0.0, 0.0]
25.9549379349,[0.0, 0.0, 0.0, 0.0, -0.8500000238418579, 0.0, 0.0]
25.9945659637,[0.0, 0.0, 0.0, 0.0, -1.0, 0.0, 0.0]
26.0363118649,[0.0, 0.0, 0.0, 0.0, -1.0, 0.0, 0.0]
26.0739588737,[0.0, 0.0, 0.0, 0.0, -1.0, 0.0, 0.0]
26.1144499779,[0.0, 0.0, 0.0, 0.0, -1.0, 0.0, 0.0]
26.1575808525,[0.0, 0.0, 0.0, 0.0, -1.0, 0.0, 0.0]
26.1950640678,[0.0, 0.0, 0.0, 0.0, -1.0, 0.0, 0.0]
26.2351989746,[0.0, 0.0, 0.0, 0.0, -1.0, 0.0, 0.0]
26.274930954,[0.0, 0.0, 0.0, 0.0, -1.0, 0.0, 0.0]
26.3154549599,[0.0, 0.0, 0.0, 0.0, -1.0, 0.0, 0.0]
26.3558900356,[0.0, 0.0, 0.0, 0.0, -1.0, 0.0, 0.0]
26.3948218822,[0.0, 0.0, 0.0, 0.0, -1.0, 0.0, 0.0]
26.4350368977,[0.0, 0.0, 0.0, 0.0, -1.0, 0.0, 0.0]
26.47727108,[0.0, 0.0, 0.0, 0.0, -0.5, 0.0, 0.0]
26.5153000355,[0.0, 0.0, 0.0, 0.0, -0.07000000029802322, 0.0, 0.0]
26.556073904,[0.0, 0.0, 0.0, 0.0, -0.05000000074505806, 0.0, 0.0]
26.5943169594,[0.0, 0.0, 0.0, 0.0, -0.05999999865889549, 0.0, 0.0]
26.6355888844,[0.0, 0.0, 0.0, 0.0, -0.03999999910593033, 0.0, 0.0]
26.674685955,[0.0, 0.0, 0.0, 0.0, 0.0, 0.0, 0.0]
26.715034008,[0.0, 0.0, 0.0, 0.0, 0.0, 0.0, 0.0]
26.7538120747,[0.0, 0.0, 0.0, 0.0, 0.0, 0.0, 0.0]
26.7952899933,[0.0, -0.009999999776482582, 0.0, 0.0, 0.0, 0.0, 0.0]
26.8345508575,[0.0, -0.029999999329447746, 0.0, 0.0, 0.0, 0.0, 0.0]
26.8757898808,[0.0, -0.029999999329447746, 0.0, 0.0, 0.0, 0.0, 0.0]
26.9161720276,[0.0, 0.0, 0.0, 0.0, 0.0, 0.0, 0.0]
26.955395937,[0.0, 0.0, 0.0, 0.0, 0.029999999329447746, 0.0, 0.0]
26.9948320389,[0.0, 0.0, 0.0, 0.0, 0.25, 0.0, 0.0]
27.0355050564,[0.0, 0.0, 0.0, 0.0, 0.46000000834465027, 0.0, 0.0]
27.0756669044,[0.0, 0.0, 0.0, 0.0, 0.46000000834465027, 0.0, 0.0]
27.1184930801,[0.0, 0.0, 0.0, 0.0, 0.0, 0.0, 0.0]
27.1558618546,[0.0, 0.0, 0.0, 0.0, -0.03999999910593033, 0.0, 0.0]
27.1947100163,[0.0, 0.0, 0.0, 0.0, -0.09000000357627869, 0.0, 0.0]
27.2340500355,[0.0, 0.0, 0.0, 0.0, -0.2800000011920929, 0.0, 0.0]
27.2744510174,[0.0, 0.0, 0.0, 0.0, -0.6399999856948853, 0.0, 0.0]
27.3151638508,[0.0, 0.0, 0.0, 0.0, -0.8100000023841858, 0.0, 0.0]
27.3598339558,[0.0, 0.0, 0.0, 0.0, -0.9599999785423279, 0.0, 0.0]
27.394546032,[0.0, 0.0, 0.0, 0.0, -1.0, 0.0, 0.0]
27.435188055,[0.0, 0.0, 0.0, 0.0, -1.0, 0.0, 0.0]
27.4748749733,[0.0, 0.0, 0.0, 0.0, -1.0, 0.0, 0.0]
27.5144860744,[0.0, 0.0, 0.0, 0.0, -1.0, 0.0, 0.0]
27.5545520782,[0.0, 0.0, 0.0, 0.0, -1.0, 0.0, 0.0]
27.5948150158,[0.0, 0.0, 0.0, 0.0, -1.0, 0.0, 0.0]
27.6338739395,[0.0, 0.0, 0.0, 0.0, -1.0, 0.0, 0.0]
27.6746270657,[0.0, 0.0, 0.0, 0.0, -0.9399999976158142, 0.0, 0.0]
27.7146430016,[0.0, 0.0, 0.0, 0.0, 0.0, 0.0, 0.0]
27.7566580772,[0.0, 0.0, 0.0, 0.0, 0.0, 0.0, 0.0]
27.7952170372,[0.0, 0.0, 0.0, 0.0, 0.0, 0.0, 0.0]
27.8348560333,[0.0, -0.07000000029802322, 0.0, 0.0, 0.0, 0.0, 0.0]
27.8749530315,[0.0, -0.20000000298023224, 0.0, 0.0, 0.0, 0.0, 0.0]
27.9148359299,[0.0, -0.3199999928474426, 0.0, 0.0, 0.0, 0.0, 0.0]
27.9563188553,[0.0, -0.4099999964237213, 0.0, 0.0, 0.0, 0.0, 0.0]
27.9940400124,[0.0, -0.4699999988079071, 0.0, 0.0, 0.0, 0.0, 0.0]
28.0346739292,[0.0, -0.4699999988079071, 0.0, 0.0, 0.0, 0.0, 0.0]
28.0752620697,[0.0, -0.46000000834465027, 0.0, 0.0, 0.0, 0.0, 0.0]
28.1174459457,[0.0, -0.4699999988079071, 0.0, 0.0, 0.0, 0.0, 0.0]
28.1549670696,[0.0, -0.46000000834465027, 0.0, 0.0, 0.0, 0.0, 0.0]
28.1951479912,[0.0, -0.4099999964237213, 0.0, 0.0, 0.0, 0.0, 0.0]
28.2348029613,[0.0, -0.1899999976158142, 0.0, 0.0, 0.0, 0.0, 0.0]
28.2761888504,[0.0, -0.019999999552965164, 0.0, 0.0, 0.0, 0.0, 0.0]
28.315983057,[0.0, 0.0, 0.0, 0.0, 0.0, 0.0, 0.0]
28.3557670116,[0.0, 0.0, 0.0, 0.0, 0.0, 0.0, 0.0]
28.3959510326,[0.0, 0.0, 0.0, 0.0, 0.0, 0.0, 0.0]
28.4353909492,[0.0, 0.029999999329447746, 0.0, 0.0, 0.0, 0.0, 0.0]
28.4746398926,[0.0, 0.14000000059604645, 0.0, 0.0, 0.0, 0.0, 0.0]
28.5148038864,[0.0, 0.38999998569488525, 0.0, 0.0, 0.0, 0.0, 0.0]
28.5580129623,[0.0, 0.5400000214576721, 0.0, 0.0, 0.0, 0.0, 0.0]
28.5938589573,[-0.009999999776482582, 0.6200000047683716, 0.0, 0.0, 0.0, 0.0, 0.0]
28.6347649097,[-0.019999999552965164, 0.6700000166893005, 0.0, 0.0, 0.0, 0.0, 0.0]
28.6745948792,[-0.009999999776482582, 0.6600000262260437, 0.0, 0.0, 0.0, 0.0, 0.0]
28.7167379856,[-0.019999999552965164, 0.6700000166893005, 0.0, 0.0, 0.0, 0.0, 0.0]
28.7547008991,[-0.019999999552965164, 0.6700000166893005, 0.0, 0.0, 0.0, 0.0, 0.0]
28.7951979637,[-0.019999999552965164, 0.6700000166893005, 0.0, 0.0, 0.0, 0.0, 0.0]
28.8341670036,[-0.019999999552965164, 0.6700000166893005, 0.0, 0.0, 0.0, 0.0, 0.0]
28.8764050007,[-0.009999999776482582, 0.6600000262260437, 0.0, 0.0, 0.0, 0.0, 0.0]
28.9150328636,[-0.019999999552965164, 0.6700000166893005, 0.0, 0.0, 0.0, 0.0, 0.0]
28.9561450481,[-0.019999999552965164, 0.6600000262260437, 0.0, 0.0, 0.0, 0.0, 0.0]
28.9957070351,[-0.019999999552965164, 0.6399999856948853, 0.0, 0.0, 0.0, 0.0, 0.0]
29.0358040333,[-0.019999999552965164, 0.6299999952316284, 0.0, 0.0, 0.0, 0.0, 0.0]
29.0738780499,[-0.009999999776482582, 0.6000000238418579, 0.0, 0.0, 0.0, 0.0, 0.0]
29.1154839993,[-0.019999999552965164, 0.6000000238418579, 0.0, 0.0, 0.0, 0.0, 0.0]
29.1547369957,[-0.019999999552965164, 0.6000000238418579, 0.0, 0.0, 0.0, 0.0, 0.0]
29.1950979233,[-0.019999999552965164, 0.6000000238418579, 0.0, 0.0, 0.0, 0.0, 0.0]
29.2353310585,[-0.019999999552965164, 0.6000000238418579, 0.0, 0.0, 0.0, 0.0, 0.0]
29.2741789818,[-0.009999999776482582, 0.5799999833106995, 0.0, 0.0, 0.0, 0.0, 0.0]
29.3165659904,[-0.019999999552965164, 0.5799999833106995, 0.0, 0.0, 0.0, 0.0, 0.0]
29.3612558842,[-0.019999999552965164, 0.5799999833106995, 0.0, 0.0, 0.0, 0.0, 0.0]
29.3942620754,[-0.019999999552965164, 0.5699999928474426, 0.0, 0.0, 0.0, 0.0, 0.0]
29.4357769489,[-0.019999999552965164, 0.5699999928474426, 0.0, 0.0, 0.0, 0.0, 0.0]
29.4759349823,[-0.009999999776482582, 0.5600000023841858, 0.0, 0.0, 0.0, 0.0, 0.0]
29.514154911,[-0.019999999552965164, 0.5699999928474426, 0.0, 0.0, 0.0, 0.0, 0.0]
29.5550630093,[-0.019999999552965164, 0.5699999928474426, 0.0, 0.0, 0.0, 0.0, 0.0]
29.5947539806,[-0.019999999552965164, 0.5699999928474426, 0.0, 0.0, 0.0, 0.0, 0.0]
29.6388828754,[-0.009999999776482582, 0.550000011920929, 0.0, 0.0, 0.0, 0.0, 0.0]
29.6746919155,[-0.009999999776482582, 0.550000011920929, 0.0, 0.0, 0.0, 0.0, 0.0]
29.7153270245,[-0.019999999552965164, 0.5600000023841858, 0.0, 0.0, 0.0, 0.0, 0.0]
29.7551140785,[-0.019999999552965164, 0.5600000023841858, 0.0, 0.0, 0.0, 0.0, 0.0]
29.7951660156,[-0.019999999552965164, 0.5600000023841858, 0.0, 0.0, 0.0, 0.0, 0.0]
29.8367879391,[-0.019999999552965164, 0.5400000214576721, 0.0, 0.0, 0.0, 0.0, 0.0]
29.8756718636,[-0.029999999329447746, 0.550000011920929, 0.0, 0.0, 0.0, 0.0, 0.0]
29.9149649143,[-0.029999999329447746, 0.5400000214576721, 0.0, 0.0, 0.0, 0.0, 0.0]
29.9548969269,[-0.029999999329447746, 0.5400000214576721, 0.0, 0.0, 0.0, 0.0, 0.0]
29.9937050343,[-0.029999999329447746, 0.5400000214576721, 0.0, 0.0, 0.0, 0.0, 0.0]
30.0351378918,[-0.019999999552965164, 0.5299999713897705, 0.0, 0.0, 0.0, 0.0, 0.0]
30.0748569965,[-0.029999999329447746, 0.5299999713897705, 0.0, 0.0, 0.0, 0.0, 0.0]
30.1172008514,[-0.029999999329447746, 0.5299999713897705, 0.0, 0.0, 0.0, 0.0, 0.0]
30.1543300152,[-0.029999999329447746, 0.5199999809265137, 0.0, 0.0, 0.0, 0.0, 0.0]
30.1947739124,[-0.029999999329447746, 0.5199999809265137, 0.0, 0.0, 0.0, 0.0, 0.0]
30.2361700535,[-0.019999999552965164, 0.5099999904632568, 0.0, 0.0, 0.0, 0.0, 0.0]
30.2751739025,[-0.029999999329447746, 0.5099999904632568, 0.0, 0.0, 0.0, 0.0, 0.0]
30.3143999577,[-0.029999999329447746, 0.5099999904632568, 0.0, 0.0, 0.0, 0.0, 0.0]
30.356762886,[-0.029999999329447746, 0.5, 0.0, 0.0, 0.0, 0.0, 0.0]
30.3982839584,[-0.029999999329447746, 0.5, 0.0, 0.0, 0.0, 0.0, 0.0]
30.4359328747,[-0.019999999552965164, 0.49000000953674316, 0.0, 0.0, 0.0, 0.0, 0.0]
30.4749529362,[-0.029999999329447746, 0.47999998927116394, 0.0, 0.0, 0.0, 0.0, 0.0]
30.5160310268,[-0.029999999329447746, 0.46000000834465027, 0.0, 0.0, 0.0, 0.0, 0.0]
30.5546300411,[-0.019999999552965164, 0.46000000834465027, 0.0, 0.0, 0.0, 0.0, 0.0]
30.5941519737,[-0.019999999552965164, 0.46000000834465027, 0.0, 0.0, 0.0, 0.0, 0.0]
30.6370909214,[-0.009999999776482582, 0.4399999976158142, 0.0, 0.0, 0.0, 0.0, 0.0]
30.674120903,[-0.019999999552965164, 0.4399999976158142, 0.0, 0.0, -0.019999999552965164, 0.0, 0.0]
30.7141468525,[-0.019999999552965164, 0.4399999976158142, 0.0, 0.0, -0.029999999329447746, 0.0, 0.0]
30.7545530796,[-0.019999999552965164, 0.4399999976158142, 0.0, 0.0, -0.029999999329447746, 0.0, 0.0]
30.7947268486,[-0.019999999552965164, 0.4399999976158142, 0.0, 0.0, -0.03999999910593033, 0.0, 0.0]
30.8346269131,[-0.009999999776482582, 0.4300000071525574, 0.0, 0.0, -0.029999999329447746, 0.0, 0.0]
30.8766980171,[-0.019999999552965164, 0.4399999976158142, 0.0, 0.0, -0.03999999910593033, 0.0, 0.0]
30.9161610603,[-0.019999999552965164, 0.4399999976158142, 0.0, 0.0, -0.03999999910593033, 0.0, 0.0]
30.9544730186,[-0.019999999552965164, 0.4300000071525574, 0.0, 0.0, -0.07000000029802322, 0.0, 0.0]
30.9948508739,[0.0, 0.4000000059604645, 0.0, 0.0, -0.23000000417232513, 0.0, 0.0]
31.0353660583,[0.0, 0.33000001311302185, 0.0, 0.0, -0.41999998688697815, 0.0, 0.0]
31.0744378567,[0.0, 0.2199999988079071, 0.0, 0.0, -0.6299999952316284, 0.0, 0.0]
31.1154680252,[0.0, 0.10000000149011612, 0.0, 0.0, -0.8299999833106995, 0.0, 0.0]
31.1562459469,[0.0, 0.029999999329447746, 0.0, 0.0, -0.9200000166893005, 0.0, 0.0]
31.1948080063,[0.0, 0.019999999552965164, 0.0, 0.0, -0.9200000166893005, 0.0, 0.0]
31.2364289761,[0.0, 0.029999999329447746, 0.0, 0.0, -0.9300000071525574, 0.0, 0.0]
31.2742879391,[0.0, 0.029999999329447746, 0.0, 0.0, -0.9300000071525574, 0.0, 0.0]
31.3145959377,[0.0, 0.029999999329447746, 0.0, 0.0, -0.9300000071525574, 0.0, 0.0]
31.3541369438,[0.0, 0.029999999329447746, 0.0, 0.0, -0.9300000071525574, 0.0, 0.0]
31.3948500156,[0.0, 0.019999999552965164, 0.0, 0.0, -0.9200000166893005, -0.009999999776482582, 0.0]
31.4374239445,[0.0, 0.029999999329447746, 0.0, 0.0, -0.9300000071525574, -0.009999999776482582, 0.0]
31.4768190384,[0.0, 0.029999999329447746, 0.0, 0.0, -0.9300000071525574, -0.009999999776482582, 0.0]
31.5142538548,[0.0, 0.029999999329447746, 0.0, 0.0, -0.9300000071525574, -0.029999999329447746, 0.0]
31.5557968616,[0.0, 0.029999999329447746, 0.0, 0.0, -0.9300000071525574, -0.029999999329447746, 0.0]
31.5953118801,[0.0, 0.019999999552965164, 0.0, 0.0, -0.9200000166893005, -0.07000000029802322, 0.0]
31.6347589493,[0.0, 0.019999999552965164, 0.0, 0.0, -0.9300000071525574, -0.09000000357627869, 0.0]
31.6748099327,[0.0, 0.019999999552965164, 0.0, 0.0, -0.9300000071525574, -0.15000000596046448, 0.0]
31.714897871,[0.0, 0.019999999552965164, 0.0, 0.0, -0.9599999785423279, -0.3199999928474426, 0.0]
31.7553200722,[0.0, 0.019999999552965164, 0.0, 0.0, -0.9700000286102295, -0.5099999904632568, 0.0]
31.7963550091,[0.0, 0.019999999552965164, 0.0, 0.0, -0.9599999785423279, -0.550000011920929, 0.0]
31.8353719711,[0.0, 0.019999999552965164, 0.0, 0.0, -0.9800000190734863, -0.5400000214576721, 0.0]
31.8745639324,[0.0, 0.029999999329447746, 0.0, 0.0, -0.9800000190734863, -0.5299999713897705, 0.0]
31.9147388935,[0.0, 0.019999999552965164, 0.0, 0.0, -0.9800000190734863, -0.5299999713897705, 0.0]
31.9548270702,[0.0, 0.019999999552965164, 0.0, 0.0, -0.9900000095367432, -0.5199999809265137, 0.0]
31.9946789742,[0.0, 0.019999999552965164, 0.0, 0.0, -1.0, -0.5099999904632568, 0.0]
32.0347218513,[0.0, 0.019999999552965164, 0.0, 0.0, -1.0, -0.47999998927116394, 0.0]
32.0762379169,[0.0, 0.019999999552965164, 0.0, 0.0, -1.0, -0.4300000071525574, 0.0]
32.1196959019,[0.0, 0.019999999552965164, 0.0, 0.0, -1.0, -0.38999998569488525, 0.0]
32.1549549103,[0.0, 0.019999999552965164, 0.0, 0.0, -1.0, -0.3700000047683716, 0.0]
32.1949329376,[0.0, 0.009999999776482582, 0.0, 0.0, -1.0, -0.38999998569488525, 0.0]
32.2356879711,[0.0, 0.019999999552965164, 0.0, 0.0, -1.0, -0.38999998569488525, 0.0]
32.2766389847,[0.0, 0.019999999552965164, 0.0, 0.0, -1.0, -0.38999998569488525, 0.0]
32.3152248859,[0.0, 0.019999999552965164, 0.0, 0.0, -1.0, -0.4000000059604645, 0.0]
32.3562090397,[0.0, 0.009999999776482582, 0.0, 0.0, -1.0, -0.4300000071525574, 0.0]
32.3953239918,[0.0, 0.009999999776482582, 0.0, 0.0, -1.0, -0.4399999976158142, 0.0]
32.4353978634,[0.0, 0.019999999552965164, 0.0, 0.0, -1.0, -0.4300000071525574, 0.0]
32.4751398563,[0.0, 0.019999999552965164, 0.0, 0.0, -1.0, -0.4300000071525574, 0.0]
32.5160620213,[0.0, 0.019999999552965164, 0.0, 0.0, -1.0, -0.38999998569488525, 0.0]
32.5545830727,[0.0, 0.009999999776482582, 0.0, 0.0, -1.0, -0.2199999988079071, 0.0]
32.5941560268,[0.0, 0.019999999552965164, 0.0, 0.0, -1.0, 0.0, 0.0]
32.6356608868,[0.0, 0.009999999776482582, 0.0, 0.0, -1.0, 0.15000000596046448, 0.0]
32.676197052,[0.0, 0.0, 0.0, 0.0, -1.0, 0.38999998569488525, 0.0]
32.7154049873,[0.0, 0.0, 0.0, 0.0, -1.0, 0.5299999713897705, 0.0]
32.7550148964,[0.0, 0.0, 0.0, 0.0, -1.0, 0.550000011920929, 0.0]
32.7945048809,[0.0, 0.0, 0.0, 0.0, -0.9900000095367432, 0.550000011920929, 0.0]
32.8345038891,[0.0, 0.0, 0.0, 0.0, -0.9599999785423279, 0.6299999952316284, 0.0]
32.8758568764,[0.0, 0.0, 0.0, 0.0, -0.9599999785423279, 0.6399999856948853, 0.0]
32.9154350758,[0.0, 0.0, 0.0, 0.0, -0.9599999785423279, 0.6399999856948853, 0.0]
32.9549350739,[0.0, 0.0, 0.0, 0.0, -0.949999988079071, 0.6200000047683716, 0.0]
32.9946160316,[0.0, 0.0, 0.0, 0.0, -0.9599999785423279, 0.6399999856948853, 0.0]
33.0354628563,[0.0, 0.0, 0.0, 0.0, -0.9599999785423279, 0.6399999856948853, 0.0]
33.0741848946,[0.0, 0.0, 0.0, 0.0, -0.9599999785423279, 0.6399999856948853, 0.0]
33.114923954,[0.0, 0.0, 0.0, 0.0, -0.9599999785423279, 0.6399999856948853, 0.0]
33.1574270725,[0.0, 0.0, 0.0, 0.0, -0.949999988079071, 0.5400000214576721, 0.0]
33.1944639683,[0.0, 0.0, 0.0, 0.0, -1.0, 0.4699999988079071, 0.0]
33.2346849442,[0.0, 0.0, 0.0, 0.0, -1.0, 0.4300000071525574, 0.0]
33.2744939327,[0.0, 0.0, 0.0, 0.0, -1.0, 0.4300000071525574, 0.0]
33.3148460388,[0.0, 0.0, 0.0, 0.0, -1.0, 0.41999998688697815, 0.0]
33.3549780846,[0.0, 0.0, 0.0, 0.0, -1.0, 0.4099999964237213, 0.0]
33.3950839043,[0.0, 0.0, 0.0, 0.0, -1.0, 0.41999998688697815, 0.0]
33.435379982,[0.0, 0.0, 0.0, 0.0, -1.0, 0.41999998688697815, 0.0]
33.474864006,[0.0, 0.0, 0.0, 0.0, -1.0, 0.41999998688697815, 0.0]
33.5165739059,[0.0, 0.0, 0.0, 0.0, -1.0, 0.41999998688697815, 0.0]
33.5558919907,[0.0, 0.0, 0.0, 0.0, -1.0, 0.3499999940395355, 0.0]
33.5950808525,[0.0, 0.0, 0.0, 0.0, -1.0, 0.25, 0.0]
33.6365308762,[0.0, 0.0, 0.0, 0.0, -1.0, 0.05999999865889549, 0.0]
33.6747889519,[0.0, 0.0, 0.0, 0.0, -1.0, 0.0, 0.0]
33.7158949375,[0.0, 0.0, 0.0, 0.0, -1.0, -0.029999999329447746, 0.0]
33.7552568913,[0.0, 0.0, 0.0, 0.0, -1.0, -0.029999999329447746, 0.0]
33.7951118946,[0.0, 0.0, 0.0, 0.0, -1.0, -0.019999999552965164, 0.0]
33.8361649513,[0.0, 0.0, 0.0, 0.0, -1.0, -0.029999999329447746, 0.0]
33.8755669594,[0.0, 0.0, 0.0, 0.0, -0.23999999463558197, -0.029999999329447746, 0.0]
33.9167079926,[0.0, 0.0, 0.0, 0.0, 0.0, 0.0, 0.0]
33.9562270641,[0.0, 0.0, 0.0, 0.0, 0.0, 0.0, 0.0]
33.9942378998,[0.0, 0.0, 0.0, 0.0, 0.0, 0.0, 0.0]
34.0349290371,[0.0, 0.0, 0.0, 0.0, 0.0, 0.0, 0.0]
34.0743238926,[0.0, 0.0, 0.0, -0.33000001311302185, 0.0, 0.0, 0.0]
34.1173410416,[0.0, 0.0, 0.0, -0.7300000190734863, 0.0, 0.0, 0.0]
34.1546349525,[0.0, 0.0, 0.0, -0.9900000095367432, 0.0, 0.0, 0.0]
34.194890976,[0.0, 0.0, 0.0, -0.9900000095367432, 0.0, 0.0, 0.0]
34.2390539646,[0.0, 0.0, 0.0, -0.9900000095367432, 0.0, 0.0, 0.0]
34.2756118774,[0.0, 0.0, 0.0, -0.9900000095367432, 0.0, 0.0, 0.0]
34.3153889179,[0.0, 0.0, 0.0, -0.9900000095367432, 0.0, 0.0, 0.0]
34.3553669453,[0.0, 0.0, 0.0, -0.9900000095367432, 0.0, 0.0, 0.0]
34.3942399025,[0.0, 0.0, 0.0, -0.9900000095367432, 0.0, 0.0, 0.0]
34.4352760315,[0.0, 0.0, 0.0, -0.9900000095367432, 0.0, 0.0, 0.0]
34.4752190113,[0.0, 0.0, 0.0, -0.9900000095367432, 0.0, 0.0, 0.0]
34.5145549774,[0.0, 0.0, 0.0, -0.9900000095367432, 0.0, 0.0, 0.0]
34.5545659065,[0.0, 0.0, 0.0, -0.9900000095367432, 0.0, 0.0, 0.0]
34.5955059528,[0.0, 0.0, 0.0, -0.9900000095367432, 0.0, 0.0, 0.0]
34.636494875,[0.0, 0.0, 0.0, -0.9900000095367432, 0.0, 0.0, 0.0]
34.6832659245,[0.0, 0.0, 0.0, -0.9900000095367432, 0.0, 0.0, 0.0]
34.7149839401,[0.0, 0.0, 0.0, -0.9900000095367432, 0.0, 0.0, 0.0]
34.755699873,[0.0, 0.0, 0.0, -0.9900000095367432, 0.0, 0.0, 0.0]
34.7937979698,[0.0, 0.0, 0.0, 0.7699999809265137, 0.0, 0.0, 0.0]
34.8345608711,[0.0, 0.0, 0.0, 0.6899999976158142, 0.0, 0.0, 0.0]
34.8752799034,[0.0, 0.0, 0.0, 0.6899999976158142, 0.0, 0.0, 0.0]
34.9153540134,[0.0, 0.0, 0.0, 0.6200000047683716, 0.0, 0.0, 0.0]
34.9542808533,[0.0, 0.0, 0.0, 0.9900000095367432, 0.0, 0.0, 0.0]
34.9986898899,[0.0, 0.0, 0.0, 0.9900000095367432, 0.0, 0.0, 0.0]
35.0363838673,[0.0, 0.0, 0.0, 0.9900000095367432, 0.0, 0.0, 0.0]
35.0743029118,[0.0, 0.0, 0.0, 0.9900000095367432, 0.0, 0.0, 0.0]
35.1159410477,[0.0, 0.0, 0.0, 0.9900000095367432, 0.0, 0.0, 0.0]
35.1545698643,[0.0, 0.0, 0.0, 0.9900000095367432, 0.0, 0.0, 0.0]
35.1952319145,[0.0, 0.0, 0.0, 0.9900000095367432, 0.0, 0.0, 0.0]
35.2357549667,[0.0, 0.0, 0.0, 0.9900000095367432, 0.0, 0.0, 0.0]
35.2749400139,[0.0, 0.0, 0.0, 0.9900000095367432, 0.0, 0.0, 0.0]
35.3169279099,[0.0, 0.0, 0.0, 0.9900000095367432, 0.0, 0.0, 0.0]
35.3555140495,[0.0, 0.0, 0.0, 0.9900000095367432, 0.0, 0.0, 0.0]
35.3950469494,[0.0, 0.0, 0.0, 0.9900000095367432, 0.0, 0.0, 0.0]
35.4351429939,[0.0, 0.0, 0.0, 0.9900000095367432, 0.0, 0.0, 0.0]
35.4758059978,[0.0, 0.0, 0.0, 0.9900000095367432, 0.0, 0.0, 0.0]
35.5169270039,[0.0, 0.0, 0.0, 0.9900000095367432, 0.0, 0.0, 0.0]
35.5558860302,[0.0, 0.0, 0.0, 0.9900000095367432, 0.0, 0.0, 0.0]
35.5949170589,[0.0, 0.0, 0.0, 0.9900000095367432, 0.0, 0.0, 0.0]
35.6352539062,[0.0, 0.0, 0.0, 0.9900000095367432, 0.0, 0.0, 0.0]
35.6752510071,[0.0, 0.0, 0.0, 0.9900000095367432, 0.0, 0.0, 0.0]
35.7153010368,[0.0, 0.0, 0.0, 0.9900000095367432, 0.0, 0.0, 0.0]
35.7626490593,[0.0, 0.0, 0.0, 0.9900000095367432, 0.0, 0.0, 0.0]
35.7957239151,[0.0, 0.0, 0.0, 0.9900000095367432, 0.0, 0.0, 0.0]
35.8357799053,[0.0, 0.0, 0.0, 0.9900000095367432, 0.0, 0.0, 0.0]
35.87428689,[0.0, 0.0, 0.0, 0.9900000095367432, 0.0, 0.0, 0.0]
35.9178390503,[0.0, 0.0, 0.0, 0.9900000095367432, 0.0, 0.0, 0.0]
35.9554419518,[0.0, 0.0, 0.0, 0.9900000095367432, 0.0, 0.0, 0.0]
35.9958019257,[0.0, 0.0, 0.0, 0.9900000095367432, 0.0, 0.0, 0.0]
36.0352108479,[0.0, 0.0, 0.0, 0.9900000095367432, 0.0, 0.0, 0.0]
36.0750820637,[0.0, 0.0, 0.0, 0.9900000095367432, 0.0, 0.0, 0.0]
36.1159520149,[0.0, 0.0, 0.0, 0.9900000095367432, 0.0, 0.0, 0.0]
36.1548340321,[0.0, 0.0, 0.0, 0.9900000095367432, 0.0, 0.0, 0.0]
36.1957850456,[0.0, 0.0, 0.0, 0.9900000095367432, 0.0, 0.0, 0.0]
36.236011982,[0.0, 0.0, 0.0, 0.9900000095367432, 0.0, 0.0, 0.0]
36.2750160694,[0.0, 0.0, 0.0, 0.9900000095367432, 0.0, 0.0, 0.0]
36.3144760132,[0.0, 0.0, 0.0, 0.9900000095367432, 0.0, 0.0, 0.0]
36.3549518585,[0.0, 0.0, 0.0, 0.9900000095367432, 0.0, 0.0, 0.0]
36.3945949078,[0.0, 0.0, 0.0, 0.9900000095367432, 0.0, 0.0, 0.0]
36.4344918728,[0.0, 0.0, 0.0, 0.9900000095367432, 0.0, 0.0, 0.0]
36.4744119644,[0.0, 0.0, 0.0, 0.9900000095367432, 0.0, 0.0, 0.0]
36.5175549984,[0.0, 0.0, 0.0, 0.9900000095367432, 0.0, 0.0, 0.0]
36.5546789169,[0.0, 0.0, 0.0, 0.7900000214576721, 0.0, 0.0, 0.0]
36.594632864,[0.0, 0.0, 0.0, 0.25, 0.0, 0.0, 0.0]
36.6351499557,[0.0, 0.0, 0.0, 0.05000000074505806, 0.0, 0.0, 0.0]
36.6774759293,[0.0, 0.0, 0.0, 0.0, 0.0, 0.0, 0.0]
36.7159230709,[0.0, 0.0, 0.0, 0.0, 0.0, 0.0, 0.0]
36.7553560734,[0.0, 0.0, 0.0, 0.0, 0.0, 0.0, 0.0]
36.7960889339,[0.0, 0.0, 0.0, 0.0, 0.0, 0.0, 0.0]
36.8355629444,[0.0, 0.0, 0.0, 0.0, 0.0, 0.0, 0.0]
36.8768050671,[0.0, 0.0, 0.0, 0.0, 0.0, 0.0, 0.0]
36.916205883,[0.0, 0.0, 0.0, 0.0, -0.03999999910593033, 0.0, 0.0]
36.9556219578,[0.0, 0.0, 0.0, 0.0, -0.15000000596046448, 0.0, 0.0]
36.9946329594,[0.0, 0.0, 0.0, 0.0, -0.38999998569488525, 0.009999999776482582, 0.0]
37.0384190083,[0.0, 0.0, 0.0, 0.0, -0.5199999809265137, 0.0, 0.0]
37.0751478672,[0.0, 0.0, 0.0, 0.0, -0.699999988079071, 0.009999999776482582, 0.0]
37.1160478592,[0.0, 0.0, 0.0, 0.0, -0.8500000238418579, 0.05000000074505806, 0.0]
37.1549139023,[0.0, 0.0, 0.0, 0.0, -0.8500000238418579, 0.07000000029802322, 0.0]
37.1951730251,[0.0, 0.0, 0.0, 0.0, -0.75, 0.07000000029802322, 0.0]
37.2366600037,[0.0, 0.0, 0.0, 0.0, 0.0, 0.0, 0.0]
37.2773270607,[0.0, 0.0, 0.0, 0.0, 0.0, 0.0, 0.0]
37.3147239685,[0.0, 0.0, 0.0, 0.0, 0.0, 0.0, 0.0]
37.3549818993,[0.0, 0.0, 0.0, 0.0, 0.0, 0.0, 0.0]
37.3946540356,[0.0, 0.0, 0.0, 0.0, 0.0, 0.0, 0.0]
37.4364509583,[0.0, -0.15000000596046448, 0.0, 0.0, 0.0, 0.0, 0.0]
37.4745569229,[0.0, -0.33000001311302185, 0.0, 0.0, 0.0, 0.0, 0.0]
37.5144219398,[0.0, -0.41999998688697815, 0.0, 0.0, 0.0, 0.0, 0.0]
37.5546400547,[0.0, -0.41999998688697815, 0.0, 0.0, 0.0, 0.0, 0.0]
37.5954420567,[0.0, -0.41999998688697815, 0.0, 0.0, 0.0, 0.0, 0.0]
37.6384620667,[0.0, -0.41999998688697815, 0.0, 0.0, 0.0, 0.0, 0.0]
37.6750409603,[0.0, -0.17000000178813934, 0.0, 0.0, 0.0, 0.0, 0.0]
37.7153449059,[0.0, 0.0, 0.0, 0.0, 0.0, 0.0, 0.0]
37.7539629936,[0.0, 0.0, 0.0, 0.0, 0.0, 0.0, 0.0]
37.794672966,[0.0, 0.0, 0.0, 0.0, 0.20999999344348907, 0.0, 0.0]
37.8350429535,[0.0, 0.0, 0.0, 0.0, 0.6000000238418579, 0.10999999940395355, 0.0]
37.8768229485,[0.0, 0.0, 0.0, 0.0, 0.9900000095367432, 0.23999999463558197, 0.0]
37.9167709351,[0.0, 0.0, 0.0, 0.0, 0.9900000095367432, 0.25, 0.0]
37.9552900791,[0.0, 0.0, 0.0, 0.0, 0.9900000095367432, 0.25, 0.0]
37.9953029156,[0.0, 0.0, 0.0, 0.0, 0.9900000095367432, 0.25, 0.0]
38.0359630585,[0.0, 0.0, 0.0, 0.0, 0.9900000095367432, 0.25, 0.0]
38.0742430687,[0.0, 0.0, 0.0, 0.0, 0.9900000095367432, 0.25, 0.0]
38.1145598888,[0.0, 0.0, 0.0, 0.0, 0.9900000095367432, 0.25, 0.0]
38.1546208858,[0.0, 0.0, 0.0, 0.0, 0.9900000095367432, 0.25999999046325684, 0.0]
38.1952879429,[0.0, 0.0, 0.0, 0.0, 0.9900000095367432, 0.25999999046325684, 0.0]
38.2350950241,[0.0, 0.0, 0.0, 0.0, 0.9900000095367432, 0.27000001072883606, 0.0]
38.2744970322,[0.0, 0.0, 0.0, 0.0, 0.9900000095367432, 0.27000001072883606, 0.0]
38.3151919842,[0.0, 0.0, 0.0, 0.0, 0.9800000190734863, 0.28999999165534973, 0.0]
38.3548600674,[0.0, 0.0, 0.0, 0.0, 0.9599999785423279, 0.3799999952316284, 0.0]
38.3953309059,[0.0, 0.0, 0.0, 0.0, 0.949999988079071, 0.38999998569488525, 0.0]
38.4358799458,[0.0, 0.0, 0.0, 0.0, 0.9300000071525574, 0.38999998569488525, 0.0]
38.4746060371,[0.0, 0.0, 0.0, 0.0, 0.8999999761581421, 0.38999998569488525, 0.0]
38.5162959099,[0.0, 0.0, 0.0, 0.0, 0.8299999833106995, 0.38999998569488525, 0.0]
38.5555489063,[0.0, 0.0, 0.0, 0.0, 0.7799999713897705, 0.3199999928474426, 0.0]
38.5954630375,[0.0, 0.0, 0.0, 0.0, 0.0, 0.0, 0.0]
38.6353449821,[0.0, 0.0, 0.0, 0.0, 0.0, 0.0, 0.0]
38.6739559174,[0.0, 0.0, 0.0, 0.0, 0.0, 0.0, 0.0]
38.7145719528,[0.0, 0.0, 0.0, 0.0, 0.0, 0.0, 0.0]
38.7557599545,[0.0, 0.0, 0.0, 0.0, 0.0, -0.019999999552965164, 0.0]
38.7951669693,[0.0, 0.0, 0.0, 0.0, 0.029999999329447746, -0.10000000149011612, 0.0]
38.8345980644,[0.0, 0.0, 0.0, 0.0, 0.07000000029802322, -0.11999999731779099, 0.0]
38.8742649555,[0.0, 0.0, 0.0, 0.0, 0.07999999821186066, -0.3499999940395355, 0.0]
38.9138610363,[0.0, 0.0, 0.0, 0.0, 0.09000000357627869, -0.5299999713897705, 0.0]
38.9548978806,[0.0, 0.0, 0.0, 0.0, 0.09000000357627869, -0.550000011920929, 0.0]
38.9955160618,[0.0, 0.0, 0.0, 0.0, 0.10000000149011612, -0.5400000214576721, 0.0]
39.0365829468,[0.0, 0.0, 0.0, 0.0, 0.10000000149011612, -0.5299999713897705, 0.0]
39.0754239559,[0.0, 0.0, 0.0, 0.0, 0.10000000149011612, -0.5299999713897705, 0.0]
39.1171429157,[0.0, 0.0, 0.0, 0.0, 0.05999999865889549, -0.5400000214576721, 0.0]
39.1580049992,[0.0, 0.0, 0.0, 0.0, 0.0, 0.0, 0.0]
39.1952559948,[0.0, 0.0, 0.0, 0.0, 0.0, 0.0, 0.0]
39.2342159748,[0.0, 0.0, 0.0, 0.0, 0.0, 0.0, 0.0]
39.2748119831,[0.0, 0.0, 0.0, 0.0, 0.0, 0.0, 0.0]
39.3150880337,[0.0, 0.0, 0.0, 0.0, 0.0, 0.0, 0.0]
39.3542480469,[0.0, 0.0, 0.0, 0.0, 0.0, 0.0, 0.0]
39.3951370716,[0.0, -0.05999999865889549, 0.0, 0.0, 0.0, 0.0, 0.0]
39.4352610111,[0.0, -0.20999999344348907, 0.0, 0.0, 0.0, 0.0, 0.0]
39.4753088951,[0.0, -0.2800000011920929, 0.0, 0.0, 0.0, 0.0, 0.0]
39.5148079395,[0.0, -0.3199999928474426, 0.0, 0.0, 0.0, 0.0, 0.0]
39.5548830032,[0.0, -0.3199999928474426, 0.0, 0.0, 0.0, 0.0, 0.0]
39.5947320461,[0.0, -0.3199999928474426, 0.0, 0.0, 0.0, 0.0, 0.0]
39.6349470615,[0.0, -0.30000001192092896, 0.0, 0.0, 0.0, 0.0, 0.0]
39.6773080826,[0.0, -0.20999999344348907, 0.0, 0.0, 0.0, 0.0, 0.0]
39.7153499126,[0.0, -0.09000000357627869, 0.0, 0.0, 0.0, 0.0, 0.0]
39.7547960281,[0.0, -0.07000000029802322, 0.0, 0.0, 0.0, 0.0, 0.0]
39.7959959507,[0.0, -0.05999999865889549, 0.0, 0.0, 0.0, 0.0, 0.0]
39.8380708694,[0.0, -0.05999999865889549, 0.0, 0.0, -0.009999999776482582, 0.0, 0.0]
39.8753559589,[0.0, -0.07000000029802322, 0.0, 0.0, 0.0, 0.0, 0.0]
39.9156079292,[0.0, -0.07000000029802322, 0.0, 0.0, 0.0, 0.0, 0.0]
39.955518961,[0.0, -0.07000000029802322, 0.0, 0.0, 0.0, 0.0, 0.0]
39.9977939129,[0.0, -0.07000000029802322, 0.0, 0.0, 0.0, 0.0, 0.0]
40.0348460674,[0.0, -0.07000000029802322, 0.0, 0.0, 0.0, 0.0, 0.0]
40.0754420757,[0.0, -0.07999999821186066, 0.0, 0.0, 0.0, 0.0, 0.0]
40.1148929596,[0.0, -0.10000000149011612, 0.0, 0.0, 0.0, 0.0, 0.0]
40.1550970078,[0.009999999776482582, -0.17000000178813934, 0.0, 0.0, 0.0, 0.0, 0.0]
40.1947669983,[0.0, -0.1899999976158142, 0.0, 0.0, 0.0, 0.0, 0.0]
40.235216856,[0.0, -0.1899999976158142, 0.0, 0.0, 0.0, 0.0, 0.0]
40.2748839855,[0.0, -0.1899999976158142, 0.0, 0.0, 0.0, 0.0, 0.0]
40.3156840801,[0.0, -0.1899999976158142, 0.0, 0.0, 0.0, 0.0, 0.0]
40.3541619778,[0.0, -0.1899999976158142, 0.0, 0.0, 0.0, 0.0, 0.0]
40.3941729069,[0.0, -0.1899999976158142, 0.0, 0.0, 0.0, 0.0, 0.0]
40.4368309975,[0.0, -0.20000000298023224, 0.0, 0.0, 0.0, 0.0, 0.0]
40.474709034,[0.0, -0.23000000417232513, 0.0, 0.0, 0.0, 0.0, 0.0]
40.5149450302,[0.0, -0.23999999463558197, 0.0, 0.0, 0.0, 0.0, 0.0]
40.5571329594,[0.0, -0.23999999463558197, 0.0, 0.0, 0.0, 0.0, 0.0]
40.5950670242,[0.0, -0.23000000417232513, 0.0, 0.0, 0.0, 0.0, 0.0]
40.6354169846,[0.0, -0.23000000417232513, 0.0, 0.0, 0.0, 0.0, 0.0]
40.674654007,[0.0, -0.23000000417232513, 0.0, 0.0, 0.0, 0.0, 0.0]
40.7146260738,[0.0, -0.23999999463558197, 0.0, 0.0, 0.0, 0.0, 0.0]
40.7577729225,[0.0, -0.25, 0.0, 0.0, 0.0, 0.0, 0.0]
40.7944278717,[0.0, -0.27000001072883606, 0.0, 0.0, 0.0, 0.0, 0.0]
40.8371949196,[0.0, -0.28999999165534973, 0.0, 0.0, 0.0, 0.0, 0.0]
40.8749599457,[0.0, -0.30000001192092896, 0.0, 0.0, 0.0, 0.0, 0.0]
40.9144380093,[0.0, -0.3100000023841858, 0.0, 0.0, 0.0, 0.0, 0.0]
40.9546809196,[0.0, -0.3100000023841858, 0.0, 0.0, 0.0, 0.0, 0.0]
40.9954049587,[0.0, -0.3100000023841858, 0.0, 0.0, 0.0, 0.0, 0.0]
41.0356609821,[0.0, -0.3100000023841858, 0.0, 0.0, 0.0, 0.0, 0.0]
41.0753948689,[0.0, -0.3100000023841858, 0.0, 0.0, 0.0, 0.0, 0.0]
41.1154749393,[0.0, -0.3100000023841858, 0.0, 0.0, 0.0, 0.0, 0.0]
41.1553878784,[0.0, -0.3100000023841858, 0.0, 0.0, 0.0, 0.0, 0.0]
41.1948928833,[0.0, 0.0, 0.0, 0.0, 0.0, 0.0, 0.0]
41.2351770401,[0.0, 0.0, 0.0, 0.0, 0.0, 0.0, 0.0]
41.2752900124,[0.0, 0.0, 0.0, 0.0, 0.0, 0.0, 0.0]
41.3152239323,[0.0, 0.0, 0.0, 0.0, 0.0, 0.0, 0.0]
41.3551239967,[0.0, 0.0, 0.0, 0.0, 0.0, 0.0, 0.0]
41.3947799206,[0.0, 0.0, 0.0, 0.0, 0.0, 0.0, 0.0]
41.4349989891,[0.0, 0.0, 0.0, 0.0, 0.0, 0.0, 0.0]
41.4755949974,[0.0, 0.0, 0.0, 0.0, 0.0, 0.0, 0.0]
41.5165820122,[0.0, 0.0, 0.0, 0.0, 0.0, 0.0, 0.0]
41.5538589954,[0.0, 0.0, -0.3799999952316284, 0.0, 0.0, 0.0, 0.0]
41.5963079929,[0.0, 0.0, -0.550000011920929, 0.0, 0.0, 0.0, 0.0]
41.6352138519,[0.0, 0.0, -0.5600000023841858, 0.0, 0.0, 0.0, 0.0]
41.6742730141,[0.0, 0.0, -0.5, 0.0, 0.0, 0.0, 0.0]
41.7139639854,[0.0, 0.0, -0.41999998688697815, 0.0, 0.0, 0.0, 0.0]
41.7561109066,[0.0, 0.0, -0.33000001311302185, 0.0, 0.0, 0.0, 0.0]
41.7953910828,[0.0, 0.0, -0.27000001072883606, 0.0, 0.0, 0.0, 0.0]
41.8354179859,[0.0, 0.0, -0.20999999344348907, 0.0, 0.0, 0.0, 0.0]
41.8738329411,[0.0, 0.0, -0.1899999976158142, 0.0, 0.0, 0.0, 0.0]
41.9163269997,[0.0, 0.0, -0.1899999976158142, 0.0, 0.0, 0.0, 0.0]
41.962043047,[0.0, 0.0, -0.18000000715255737, 0.0, 0.0, 0.0, 0.0]
41.9944429398,[0.0, 0.0, -0.18000000715255737, 0.0, 0.0, 0.0, 0.0]
42.0385649204,[0.0, 0.0, -0.18000000715255737, 0.0, 0.0, 0.0, 0.0]
42.0764770508,[0.0, 0.0, -0.17000000178813934, 0.0, 0.0, 0.0, 0.0]
42.1214249134,[0.0, 0.0, -0.1599999964237213, 0.0, 0.0, 0.0, 0.0]
42.1553390026,[0.0, 0.0, -0.1599999964237213, 0.0, 0.0, 0.0, 0.0]
42.1951980591,[0.0, 0.0, -0.1599999964237213, 0.0, 0.0, 0.0, 0.0]
42.2363829613,[0.0, 0.0, -0.1599999964237213, 0.0, 0.0, 0.0, 0.0]
42.276335001,[0.0, 0.0, -0.17000000178813934, 0.0, 0.0, 0.0, 0.0]
42.3151478767,[0.0, 0.0, -0.17000000178813934, 0.0, 0.0, 0.0, 0.0]
42.3559010029,[0.0, 0.0, -0.1599999964237213, 0.0, 0.0, 0.0, 0.0]
42.3951718807,[0.0, 0.0, -0.17000000178813934, 0.0, 0.0, 0.0, 0.0]
42.4354588985,[0.0, 0.0, -0.1899999976158142, 0.0, 0.0, 0.0, 0.0]
42.474711895,[0.0, 0.0, -0.27000001072883606, 0.0, 0.0, 0.0, 0.0]
42.5153958797,[0.0, 0.0, -0.2800000011920929, 0.0, 0.0, 0.0, 0.0]
42.5560450554,[0.0, 0.0, -0.2800000011920929, 0.0, 0.0, 0.0, 0.0]
42.5952498913,[0.0, 0.0, -0.2800000011920929, 0.0, 0.0, 0.0, 0.0]
42.6346960068,[0.0, 0.0, -0.2800000011920929, 0.0, 0.0, 0.0, 0.0]
42.675098896,[0.0, 0.0, -0.2800000011920929, 0.0, 0.0, 0.0, 0.0]
42.722039938,[0.0, 0.0, -0.2800000011920929, 0.0, 0.0, 0.0, 0.0]
42.7556428909,[0.0, 0.0, -0.2800000011920929, 0.0, 0.0, 0.0, 0.0]
42.7955679893,[0.0, 0.0, -0.2800000011920929, 0.0, 0.0, 0.0, 0.0]
42.8356819153,[0.0, 0.0, -0.25999999046325684, 0.0, 0.0, 0.0, 0.0]
42.8754658699,[0.0, 0.0, -0.27000001072883606, 0.0, 0.0, 0.0, 0.0]
42.9155249596,[0.0, 0.0, -0.25999999046325684, 0.0, 0.0, 0.0, 0.0]
42.9554388523,[0.0, 0.0, -0.23999999463558197, 0.0, 0.0, 0.0, 0.0]
42.9955580235,[0.0, 0.0, -0.25, 0.0, 0.0, 0.0, 0.0]
43.0380949974,[0.0, 0.0, -0.23000000417232513, 0.0, 0.0, 0.0, 0.0]
43.0741539001,[0.0, 0.0, -0.23000000417232513, 0.0, 0.0, 0.0, 0.0]
43.1150798798,[0.0, 0.0, -0.23000000417232513, 0.0, 0.0, 0.0, 0.0]
43.1545629501,[0.0, 0.0, -0.23000000417232513, 0.0, 0.0, 0.0, 0.0]
43.1979999542,[0.0, 0.0, -0.23000000417232513, 0.0, 0.0, 0.0, 0.0]
43.2343049049,[0.0, 0.0, -0.23000000417232513, 0.0, 0.0, 0.0, 0.0]
43.2753269672,[0.0, 0.0, -0.23000000417232513, 0.0, 0.0, 0.0, 0.0]
43.3145170212,[0.0, 0.0, -0.2199999988079071, 0.0, 0.0, 0.0, 0.0]
43.3547110558,[0.0, 0.0, -0.2199999988079071, 0.0, 0.0, 0.0, 0.0]
43.3940320015,[0.0, 0.0, -0.2199999988079071, 0.0, 0.0, 0.0, 0.0]
43.4365310669,[0.0, 0.0, -0.23000000417232513, 0.0, 0.0, 0.0, 0.0]
43.47458601,[0.0, 0.0, -0.2199999988079071, 0.0, 0.0, 0.0, 0.0]
43.5146260262,[0.0, 0.0, -0.2199999988079071, 0.0, 0.0, 0.0, 0.0]
43.5548980236,[0.0, 0.0, -0.2199999988079071, 0.0, 0.0, 0.0, 0.0]
43.5950939655,[0.0, 0.0, -0.2199999988079071, 0.0, 0.0, 0.0, 0.0]
43.6348559856,[0.0, 0.0, -0.23000000417232513, 0.0, 0.0, 0.0, 0.0]
43.6760649681,[0.0, 0.0, -0.2199999988079071, 0.0, 0.0, 0.0, 0.0]
43.7147059441,[0.0, 0.0, -0.20999999344348907, 0.0, 0.0, 0.0, 0.0]
43.7552499771,[0.0, 0.0, -0.18000000715255737, 0.0, 0.0, 0.0, 0.0]
43.7949750423,[0.0, 0.0, -0.10000000149011612, 0.0, 0.0, 0.0, 0.0]
43.8369529247,[0.0, 0.0, 0.0, 0.0, 0.0, 0.0, 0.0]
43.8745858669,[0.0, 0.0, 0.0, 0.0, 0.0, 0.0, 0.0]
43.9156179428,[0.0, 0.0, 0.0, 0.0, 0.0, 0.0, 0.0]
43.9549598694,[0.0, 0.0, 0.0, 0.0, 0.0, 0.0, 0.0]
43.9941909313,[0.0, 0.0, 0.0, 0.0, 0.0, 0.0, 0.0]
44.0348608494,[0.0, 0.0, 0.0, 0.0, 0.0, 0.0, 0.0]
44.0782189369,[0.0, 0.0, 0.0, 0.0, 0.0, 0.0, 0.0]
44.1142749786,[0.0, 0.0, 0.0, 0.0, 0.0, 0.0, 0.0]
44.1545910835,[0.0, 0.0, 0.0, 0.0, 0.0, 0.0, 0.0]
44.1940789223,[0.0, 0.0, 0.0, 0.0, 0.0, 0.0, 0.0]
44.233948946,[0.0, 0.0, 0.0, 0.0, 0.0, 0.0, 0.0]
44.2746429443,[0.0, 0.0, 0.0, 0.0, 0.0, 0.0, 0.0]
44.3144869804,[0.0, 0.0, 0.0, 0.0, 0.0, 0.0, 0.0]
44.3556189537,[0.0, 0.0, 0.0, 0.0, 0.0, 0.0, 0.0]
44.3960728645,[0.0, 0.0, 0.0, 0.0, 0.0, 0.0, 0.0]
44.4341979027,[0.0, 0.0, 0.0, 0.0, 0.019999999552965164, 0.0, 0.0]
44.4752600193,[0.0, 0.0, 0.0, 0.0, 0.12999999523162842, 0.0, 0.0]
44.5149030685,[0.0, 0.0, 0.0, 0.0, 0.3199999928474426, 0.0, 0.0]
44.5562870502,[0.0, 0.0, 0.0, 0.0, 0.44999998807907104, 0.0, 0.0]
44.5946760178,[0.0, 0.0, 0.0, 0.0, 0.5, 0.0, 0.0]
44.6353800297,[0.0, 0.0, 0.0, 0.0, 0.5099999904632568, -0.019999999552965164, 0.0]
44.6757810116,[0.0, 0.0, 0.0, 0.0, 0.3400000035762787, -0.10999999940395355, 0.0]
44.7158429623,[0.0, 0.0, 0.0, 0.0, 0.0, 0.0, 0.0]
44.7550399303,[0.0, 0.0, 0.0, 0.0, 0.0, 0.0, 0.0]
44.7950818539,[0.0, 0.0, 0.0, 0.0, 0.0, 0.0, 0.0]
44.8369898796,[0.0, 0.0, 0.0, 0.0, 0.0, 0.0, 0.0]
44.8748760223,[0.0, 0.0, 0.0, 0.0, -0.18000000715255737, -0.07000000029802322, 0.0]
44.9172508717,[0.0, 0.0, 0.0, 0.0, -0.3499999940395355, -0.1899999976158142, 0.0]
44.9547319412,[0.0, 0.0, 0.0, 0.0, -0.6299999952316284, -0.25, 0.0]
44.9944310188,[0.0, 0.0, 0.0, 0.0, -0.8899999856948853, -0.33000001311302185, 0.0]
45.042206049,[0.0, 0.0, 0.0, 0.0, -1.0, -0.36000001430511475, 0.0]
45.0756840706,[0.0, 0.0, 0.0, 0.0, -1.0, -0.33000001311302185, 0.0]
45.1149230003,[0.0, 0.0, 0.0, 0.0, -0.8999999761581421, -0.27000001072883606, 0.0]
45.1554338932,[0.0, 0.0, 0.0, 0.0, 0.0, 0.0, 0.0]
45.1952109337,[0.0, 0.0, 0.0, 0.0, 0.0, 0.0, 0.0]
45.2366888523,[0.0, 0.0, 0.0, 0.0, 0.0, 0.0, 0.0]
45.2744319439,[0.0, 0.0, 0.0, 0.0, 0.0, 0.0, 0.0]
45.3159918785,[0.0, 0.0, 0.0, 0.0, 0.0, 0.0, 0.0]
45.3551030159,[0.0, 0.0, 0.0, 0.0, 0.0, 0.0, 0.0]
45.3950879574,[0.0, 0.0, 0.0, 0.0, 0.0, 0.0, 0.0]
45.4353818893,[0.0, 0.0, 0.0, 0.0, 0.0, 0.0, 0.0]
45.47645998,[0.0, 0.0, 0.0, 0.0, 0.0, 0.0, 0.0]
45.5166079998,[0.0, 0.0, 0.0, 0.0, 0.0, 0.0, 0.0]
45.556566,[0.0, 0.0, 0.0, 0.0, 0.0, 0.0, 0.0]
45.5949208736,[0.0, 0.0, 0.0, 0.0, 0.0, 0.0, 0.0]
45.6357018948,[0.0, 0.0, 0.0, 0.0, 0.0, 0.0, 0.0]
45.6749780178,[0.0, 0.0, 0.0, 0.0, 0.0, 0.0, 0.0]
45.7160010338,[0.0, 0.0, 0.0, 0.0, 0.0, 0.0, 0.0]
45.7557330132,[0.0, 0.0, 0.0, 0.0, 0.0, 0.0, 0.0]
45.7980160713,[0.0, 0.0, 0.0, 0.0, 0.0, 0.0, 0.0]
45.8362259865,[0.0, 0.0, 0.0, 0.0, 0.0, 0.0, 0.0]
45.8742649555,[0.0, 0.0, 0.0, 0.0, 0.0, 0.0, 0.0]
45.9149169922,[0.0, 0.0, 0.0, 0.0, 0.0, 0.0, 0.0]
45.9553890228,[0.0, 0.0, 0.0, 0.0, 0.0, 0.0, 0.0]
45.9940180779,[0.0, 0.0, 0.0, 0.0, 0.0, 0.0, 0.0]
46.035848856,[0.0, 0.0, 0.0, 0.0, 0.0, 0.0, 0.0]
46.0741360188,[0.0, 0.0, 0.0, 0.0, 0.0, 0.0, 0.0]
46.1000049114,[0, 0, 0, 0, 0, 0, 0]
